ID	Age	Sex	Hand	HK1	HK2	HK3	HK4	HK5	HK6	HK7	HK8	HK9	HK10	HK11	HK12	HK13	HK14	HK15	CONF	PI1	PI2	PI3	PI4	PI5	PI6	PI7	PI8	PI9	PI10	PI11	PI12	PI13	PI14	PI15	PI16	PI17	PI18	PI19	PI20
1	22	Female	R	2	2	5	2	4	5	4	4	2	5	4	4	2	1	3	2	4	2	5	2	4	4	2	4	2	1	2	4	5	2	4	2	2	1	2	4
2	19	Female	R	1	2	5	2	5	5	4	4	1	2	5	5	3	1	5	1	5	1	2	5	4	5	3	1	1	1	3	3	2	5	4	2	4	1	1	1
3	22	Male	R	2	1	1	4	2	5	2	5	3	4	3	4	2	2	2	3	3	1	3	1	4	4	1	3	4	2	1	1	5	2	1	1	4	2	2	1
4	21	Male	R	2	2	4	4	2	5	4	5	4	2	5	2	2	4	5	2	2	4	4	4	2	4	2	4	2	4	4	2	2	4	2	4	2	4	2	5
5	22	Male	R	2	1	3	4	4	5	5	5	4	4	2	4	2	2	4	2	4	3	4	3	1	4	1	3	2	2	1	4	4	3	2	3	3	2	3	4
6	22	Male	R	3	1	1	4	2	5	4	4	3	5	2	2	2	1	4	3	2	1	5	2	1	4	1	4	2	1	1	2	5	2	1	3	2	1	2	1
7	20	Female	R	2	4	2	2	2	5	5	4	3	4	4	4	4	2	5	2	4	2	2	2	2	2	2	2	2	2	2	4	5	4	4	2	4	1	2	4
8	31	Male	R	4	4	3	2	4	4	1	5	3	4	5	3	2	4	4	4	3	2	5	2	1	4	3	4	2	2	3	3	5	2	3	2	2	1	2	3
9	19	Female	R	4	4	1	4	4	5	4	4	3	4	5	4	3	1	2	4	2	2	4	2	2	2	1	4	1	1	1	1	3	2	1	1	4	3	2	2
10	19	Female	R	5	5	1	5	2	5	3	5	5	4	4	2	5	2	4	5	2	4	5	2	1	1	1	4	5	2	2	2	5	2	1	1	4	1	4	1
11	20	Female	R	4	1	2	4	2	5	2	5	5	5	4	4	4	2	2	3	3	2	4	2	1	2	1	4	2	1	1	2	5	2	1	1	2	4	5	2
12	21	Female	R	5	1	1	4	2	5	5	5	5	5	4	4	3	1	1	5	1	1	5	2	1	2	1	5	5	1	1	1	4	1	1	1	4	1	4	1
13	22	Male	R	2	1	4	4	2	5	5	5	2	4	2	5	1	1	2	2	4	1	5	2	2	4	2	4	2	2	1	3	5	5	2	1	2	1	1	2
14	23	Male	R	2	1	3	4	2	5	4	4	3	4	2	3	2	2	4	2	4	1	4	2	2	2	2	4	3	2	2	2	3	2	1	2	3	2	2	2
15	23	Female	R	5	1	2	4	2	5	3	4	5	5	4	3	2	2	4	4	2	2	4	2	2	2	1	5	3	2	2	3	4	2	2	2	4	2	3	2
16	23	Female	R	3	1	2	4	2	5	4	4	2	5	1	2	2	2	4	2	2	1	5	2	1	2	1	5	3	1	1	2	5	2	1	1	4	2	4	2
17	21	Female	R	2	1	2	3	4	5	5	5	2	5	4	5	4	2	4	4	2	2	5	2	2	2	1	5	5	2	2	2	5	4	1	2	5	1	2	4
18	20	Female	R	2	2	3	3	4	4	4	3	4	4	5	3	4	4	4	2	3	4	4	4	3	4	3	4	3	4	4	3	3	4	2	4	3	4	2	4
19	23	Female	R	5	1	2	4	2	5	5	5	4	4	1	5	4	1	2	3	2	2	5	1	1	1	1	5	3	1	1	1	5	1	1	1	5	1	4	2
20	22	Male	R	4	1	2	5	2	5	4	5	4	4	4	3	1	1	1	3	2	1	5	1	1	1	1	5	4	1	1	1	4	1	1	1	5	1	3	1
21	23	Male	L	4	1	1	4	2	5	5	4	5	4	1	4	4	1	2	3	1	1	4	1	1	1	1	5	4	1	1	1	5	1	1	1	5	2	2	1
22	19	Female	R	4	1	1	5	2	5	5	5	4	4	3	3	2	2	2	2	2	2	4	2	3	2	2	4	2	2	1	2	5	1	1	1	4	1	2	2
23	19	Male	R	5	1	1	4	1	5	5	5	4	4	3	5	4	2	1	5	1	4	5	1	1	2	1	5	4	1	2	1	3	2	1	1	4	1	2	1
24	18	Male	R	4	2	2	4	3	5	2	5	4	5	2	3	2	2	2	2	3	2	4	1	1	2	1	5	2	1	1	2	5	2	1	1	4	1	2	2
25	21	Female	R	4	1	3	3	4	5	4	5	4	4	4	4	2	2	4	2	4	2	5	3	2	2	2	4	2	2	2	2	4	2	2	2	2	2	3	4
26	18	Female	R	4	1	4	5	2	5	5	5	4	4	4	3	2	1	4	2	4	1	4	2	4	4	1	2	2	2	2	4	5	4	2	4	2	1	2	4
27	21	Female	R	3	1	2	4	2	5	5	5	4	4	5	4	2	1	2	3	2	1	4	2	1	2	1	4	1	1	1	2	5	2	1	1	3	1	4	4
28	20	Male	R	4	1	1	5	2	5	5	5	2	5	4	5	2	1	1	3	2	4	5	1	1	1	1	5	3	1	1	1	5	2	1	1	5	1	2	2
29	19	Female	R	5	2	2	4	2	5	4	5	4	3	4	3	4	1	4	3	2	2	5	4	1	1	4	4	2	1	2	2	5	1	1	1	4	1	4	2
30	24	Female	L	2	1	3	2	3	5	4	4	3	4	5	4	2	1	4	2	4	2	4	2	3	4	3	3	2	3	1	3	3	2	2	1	3	2	3	3
31	26	Female	R	2	3	3	2	2	4	4	4	4	4	3	2	3	5	3	2	3	5	4	3	3	3	2	2	3	3	4	3	3	3	2	3	2	3	2	2
32	21	Female	R	4	1	1	5	2	5	5	5	4	4	5	5	2	1	3	4	1	1	4	2	1	3	1	5	4	1	1	1	5	1	1	1	4	1	3	2
33	24	Male	R	5	1	1	4	4	5	5	5	5	5	1	4	1	1	2	4	2	2	5	4	2	2	1	4	4	1	1	1	5	1	1	2	5	2	4	2
34	25	Male	R	4	1	1	5	4	5	5	5	3	5	4	4	2	2	4	2	2	2	4	2	2	4	1	4	3	2	1	2	3	2	1	1	4	2	2	4
35	20	Female	R	2	1	4	3	4	5	4	5	2	4	5	3	3	1	3	1	4	1	4	1	1	2	1	4	2	2	3	3	5	3	1	1	2	1	2	4
36	22	Female	R	1	1	4	5	4	5	5	4	2	4	2	2	4	2	5	1	5	4	3	2	2	4	4	2	1	4	2	5	4	4	4	3	2	2	1	4
37	23	Female	R	4	5	1	4	2	5	5	5	4	4	2	3	2	2	4	4	2	2	5	1	1	2	1	5	1	1	1	1	5	1	1	1	5	1	4	1
38	24	Male	R	2	1	4	2	4	5	4	4	3	4	4	3	4	2	2	2	2	2	4	2	2	3	1	3	1	2	2	3	4	2	2	2	2	2	2	2
39	20	Female	R	2	3	4	2	4	5	5	5	1	5	5	3	2	2	5	1	5	4	4	4	1	4	5	2	1	4	4	4	2	2	4	4	1	1	2	5
40	22	Male	L	2	1	4	2	3	4	4	4	2	4	4	3	4	2	5	1	5	3	3	5	2	2	4	4	1	3	2	4	2	2	3	4	5	4	3	4
41	23	Female	R	1	1	1	2	3	5	5	5	1	4	1	1	1	3	5	2	4	3	5	5	5	5	4	1	1	5	3	3	1	5	1	1	1	4	1	5
42	18	Female	R	5	1	2	4	2	5	5	5	5	4	4	3	2	1	4	3	2	2	4	2	1	2	2	5	3	2	1	2	3	1	2	1	4	2	5	2
43	23	Male	R	4	3	2	4	2	5	4	4	3	4	5	2	4	4	4	2	4	4	4	4	3	2	4	3	3	4	4	4	3	4	2	3	2	3	4	3
44	19	Female	R	4	2	3	4	2	5	4	4	4	3	5	4	3	1	4	3	3	2	4	3	1	2	1	4	3	2	2	2	4	1	1	1	4	2	4	2
45	21	Female	R	2	2	2	5	2	5	4	2	4	4	4	2	4	2	2	4	4	1	4	2	2	4	2	3	2	2	2	1	2	4	2	2	4	2	4	2
46	22	Female	R	2	1	2	4	4	5	4	5	2	5	5	2	2	2	2	3	2	2	4	2	1	2	1	4	2	1	2	2	4	2	1	1	2	2	2	2
47	23	Male	R	5	2	1	4	2	3	5	5	4	5	1	4	1	4	1	4	2	3	5	1	2	2	1	5	4	2	3	2	5	1	1	1	4	1	4	2
48	22	Female	R	3	1	2	4	2	5	5	5	4	5	4	3	2	1	3	2	2	2	4	2	2	2	1	4	2	2	1	2	5	1	1	1	4	3	2	2
49	21	Male	L	4	1	2	4	3	5	4	5	3	5	4	3	2	3	4	3	3	2	5	4	1	2	3	4	2	1	2	2	5	2	2	1	4	1	2	4
50	24	Female	R	3	1	2	4	2	5	5	5	4	4	3	4	2	1	2	3	2	1	4	2	2	2	1	5	3	2	1	1	5	2	1	1	3	2	4	2
51	21	Male	R	4	1	2	4	2	5	4	4	3	4	3	4	2	2	2	3	2	2	4	2	2	2	2	4	3	2	2	2	4	1	1	1	4	1	4	2
52	18	Male	R	4	1	1	3	2	5	4	5	5	4	4	4	2	2	3	3	3	3	4	2	2	2	1	5	4	2	2	2	4	1	1	1	4	1	3	2
53	20	Female	R	3	2	1	4	1	5	5	5	4	4	2	3	1	1	1	4	3	2	4	1	1	2	1	4	4	1	1	1	5	2	1	1	4	1	4	2
54	18	Female	R	1	2	3	2	4	5	2	4	5	2	5	2	4	2	5	3	3	2	4	2	2	4	1	2	4	1	2	1	3	2	1	1	3	1	4	4
55	18	Female	R	2	2	2	3	3	4	4	5	2	4	5	4	4	2	2	2	4	2	3	3	3	3	4	2	2	2	2	3	4	4	3	2	4	2	3	2
56	24	Male	R	2	1	4	2	4	5	4	5	2	4	2	4	3	1	4	2	4	1	4	2	2	3	1	4	2	2	1	4	3	2	1	1	2	1	2	4
57	20	Female	R	2	1	2	2	4	5	5	5	2	4	4	4	4	2	2	4	2	1	5	2	2	2	1	4	1	2	2	2	5	4	1	2	2	1	2	4
58	21	Female	R	2	4	2	2	2	5	4	5	5	5	2	4	2	2	2	3	2	3	5	5	1	1	1	4	2	2	1	2	4	2	1	1	4	4	3	1
59	23	Female	R	2	2	4	4	4	5	4	3	3	3	4	4	2	2	3	1	4	2	3	2	4	4	4	2	1	4	2	4	4	2	3	4	2	2	2	2
60	22	Male	R	2	1	3	2	4	5	5	2	1	4	4	2	4	4	5	1	4	2	4	4	2	4	4	2	1	4	4	5	3	3	4	4	1	2	2	5
61	20	Female	R	4	1	2	5	4	5	5	5	5	5	1	4	2	2	2	4	2	1	5	1	1	2	1	5	2	2	1	1	5	2	1	1	4	1	3	1
62	20	Male	R	5	1	3	4	2	5	5	4	4	4	4	2	4	2	2	2	4	2	4	4	1	4	1	4	2	2	2	1	4	1	1	1	4	4	4	2
63	19	Female	R	4	1	1	5	1	5	4	3	4	5	3	4	1	3	1	4	1	1	5	1	1	1	1	4	4	1	1	1	5	1	3	1	5	1	4	1
64	29	Male	R	3	1	3	3	2	5	3	3	4	3	3	5	2	2	4	3	3	1	5	2	1	1	1	4	3	1	1	4	3	3	1	1	4	2	2	4
65	23	Female	R	4	2	2	4	2	5	2	4	4	4	5	2	4	2	4	4	2	1	4	3	2	3	1	2	4	2	2	2	4	3	1	1	3	2	3	2
66	19	Male	R	4	3	2	3	3	4	2	3	3	4	4	3	4	2	4	2	4	3	3	3	4	4	2	3	2	3	4	4	2	2	4	2	2	2	3	4
67	21	Female	R	4	1	3	2	4	4	4	2	4	5	1	2	3	1	2	3	3	2	4	2	2	4	2	2	2	4	2	2	5	1	2	2	3	1	2	2
68	20	Male	R	5	1	1	4	4	5	4	4	4	4	2	4	3	1	2	3	1	1	5	2	1	2	1	4	2	1	1	2	4	1	1	1	5	1	3	2
69	19	Male	R	2	1	4	2	4	5	4	4	2	4	2	4	2	2	5	1	4	2	4	4	2	4	1	3	2	4	2	4	4	4	3	1	2	1	4	3
70	21	Female	R	2	1	2	3	1	5	5	5	2	3	5	2	1	1	1	3	2	1	5	2	1	2	1	4	3	2	1	1	5	4	1	1	4	1	2	4
71	20	Male	R	1	1	4	2	4	5	4	5	1	4	4	2	1	1	5	4	2	1	4	2	1	2	1	4	1	2	1	2	4	2	1	1	4	1	1	1
72	24	Male	R	3	1	4	5	3	5	5	4	4	5	1	4	1	1	4	2	2	1	5	4	1	4	1	3	2	2	1	2	5	1	1	1	2	1	4	1
73	23	Female	R	2	1	2	5	2	5	5	5	2	4	4	4	2	1	1	4	2	2	4	2	2	2	1	4	3	2	1	1	4	2	1	1	4	1	3	2
74	20	Male	R	2	2	2	2	4	4	4	4	2	4	4	3	4	2	4	2	3	3	4	5	5	4	3	3	4	4	3	4	4	1	3	3	2	3	3	5
75	22	Male	R	2	2	4	2	4	5	5	5	2	5	5	3	4	2	5	1	4	2	5	4	3	4	3	2	1	4	2	5	2	4	3	2	2	2	1	4
76	22	Female	R	4	2	3	4	2	5	5	5	4	4	2	2	4	2	4	2	3	2	4	1	2	4	2	4	1	2	2	2	4	2	1	1	3	1	2	3
77	21	Female	R	2	1	4	3	3	5	5	5	4	3	4	5	1	3	4	2	4	2	4	4	2	4	3	3	1	4	4	4	4	5	3	3	2	2	1	3
78	20	Female	R	3	2	2	3	3	4	3	2	3	3	5	3	2	3	2	3	2	3	4	2	3	2	2	3	3	3	2	2	3	2	2	2	3	1	3	3
79	21	Male	R	2	2	3	2	4	5	4	5	1	4	4	5	2	2	5	1	4	1	4	5	4	4	4	5	2	4	3	4	5	4	1	1	3	1	3	4
80	21	Female	L	4	1	2	4	2	5	4	5	4	4	5	4	2	2	4	4	1	1	5	2	1	2	1	4	5	2	1	1	5	2	1	1	4	1	2	2
81	22	Female	R	2	1	4	3	4	5	4	4	2	2	5	4	2	1	4	2	3	1	4	2	2	4	1	4	3	1	1	2	4	1	1	2	2	2	1	2
82	21	Female	R	4	1	3	2	4	4	4	4	4	4	4	5	2	2	4	2	3	1	5	4	1	2	1	3	2	2	1	2	4	1	1	1	2	1	2	2
83	19	Female	R	5	1	2	5	2	5	4	5	4	5	3	4	2	2	2	4	2	2	4	2	2	2	2	4	4	2	2	2	3	2	2	2	4	2	4	2
84	19	Female	R	2	2	1	5	1	5	5	4	4	5	2	2	3	2	5	2	3	1	5	2	4	2	1	2	1	2	1	4	5	2	1	1	4	1	2	2
85	22	Male	R	4	1	1	4	1	5	4	5	4	5	4	4	2	2	1	5	2	2	2	2	1	2	2	4	2	1	1	1	5	1	1	1	5	1	5	1
86	18	Female	R	2	3	4	2	5	4	4	4	2	4	5	2	5	2	5	2	4	1	4	4	4	4	4	3	2	3	2	3	4	4	4	3	2	4	2	4
87	20	Female	R	4	1	4	2	4	5	4	5	4	5	2	4	4	1	4	1	4	3	5	4	2	2	4	4	1	1	4	4	5	2	3	2	2	1	2	1
88	19	Male	R	4	1	2	3	3	5	5	5	4	4	4	4	2	1	5	2	3	1	5	4	4	4	1	4	1	1	1	4	3	2	1	1	2	3	1	2
89	18	Female	R	2	1	2	4	1	5	4	4	2	5	5	4	1	1	1	4	2	2	5	1	1	2	1	3	2	2	1	2	5	2	1	1	4	1	2	4
90	20	Male	R	4	1	1	5	2	5	5	5	4	4	2	4	2	2	3	4	2	2	4	2	2	3	1	4	4	2	2	2	4	2	1	2	3	2	2	2
91	19	Male	R	5	1	1	5	1	5	5	5	4	5	4	5	4	1	1	5	1	1	5	4	1	2	1	5	5	1	1	1	5	1	1	1	5	1	5	1
92	18	Male	L	4	1	3	4	2	5	4	3	3	4	2	3	2	4	2	3	1	2	5	1	1	3	1	4	4	2	2	1	4	2	1	1	4	1	2	1
93	22	Female	R	2	1	3	3	4	5	4	5	2	4	4	1	2	1	3	1	3	1	4	2	2	2	1	4	2	2	1	2	5	4	1	3	3	1	2	3
94	19	Male	R	3	1	4	3	4	5	2	5	4	5	5	4	4	1	4	1	4	3	4	3	4	5	4	4	3	4	5	4	4	1	3	5	3	4	1	5
95	24	Female	R	5	1	1	5	1	5	1	1	5	5	5	5	1	1	5	1	1	1	1	1	1	1	1	1	1	1	1	1	5	1	1	1	5	1	1	1
96	18	Female	R	2	1	5	4	2	5	4	2	2	4	5	2	1	5	5	1	5	5	4	1	4	2	4	4	1	1	5	1	5	1	5	1	5	4	2	1
97	19	Male	R	5	1	1	5	4	5	4	5	4	4	2	4	2	2	1	2	2	3	5	4	1	1	1	4	4	1	2	1	4	1	1	2	5	1	4	2
98	22	Male	R	5	1	2	4	2	5	2	4	2	4	2	4	2	2	2	4	3	2	4	2	2	4	2	4	3	2	2	3	4	2	2	2	2	3	2	4
99	19	Female	R	4	1	2	4	2	5	4	5	4	5	5	3	2	2	2	3	2	1	4	2	2	2	1	4	3	2	2	1	5	1	2	1	4	1	3	2
100	20	Female	R	2	1	4	4	4	4	4	5	3	5	1	3	2	3	4	4	4	3	4	2	1	2	3	2	3	2	2	2	5	2	2	1	4	1	3	3
101	20	Female	L	1	1	5	2	5	3	5	5	1	2	4	2	1	5	5	1	5	2	1	5	5	4	5	1	1	5	5	5	2	4	5	5	1	4	1	5
102	25	Female	R	4	1	4	2	4	5	5	2	2	5	2	4	4	2	4	2	4	2	4	2	4	4	4	2	2	2	2	4	4	2	4	2	4	2	2	4
103	23	Male	R	5	1	1	5	2	5	5	5	5	5	2	5	2	1	2	5	4	1	5	1	1	1	1	5	5	1	1	1	5	1	1	1	5	1	5	1
104	18	Female	R	2	1	1	4	1	5	5	5	2	5	4	2	3	2	4	3	2	1	5	2	1	4	1	5	4	1	2	1	5	2	1	1	4	1	1	2
105	19	Male	R	1	4	5	2	4	5	2	5	3	1	2	3	4	2	4	1	5	2	4	4	3	4	4	3	2	4	2	4	4	3	2	3	2	4	2	3
106	22	Male	R	4	1	4	5	1	5	4	5	5	5	1	5	1	1	1	3	3	1	5	1	2	1	1	4	3	1	1	1	4	1	1	1	5	1	4	1
107	25	Male	R	4	1	2	4	2	5	3	4	4	4	2	3	3	1	2	4	2	4	4	2	2	2	1	4	4	2	1	2	4	1	2	2	4	2	3	3
108	21	Male	L	3	1	3	4	1	5	5	5	4	4	5	3	1	1	2	3	1	1	5	1	1	4	1	5	3	1	1	1	5	1	1	1	5	1	2	1
109	20	Female	R	3	2	2	4	2	4	4	4	4	4	4	3	3	2	4	2	3	2	4	2	2	4	2	3	2	2	2	2	5	2	2	3	4	2	2	2
110	19	Male	R	4	1	1	5	1	5	5	4	4	4	2	5	2	1	2	5	1	2	5	1	1	2	1	2	5	2	1	1	4	2	1	1	4	1	2	4
111	19	Male	R	4	1	4	4	2	5	4	5	5	4	4	4	2	1	2	3	3	2	4	4	1	4	1	4	3	2	2	1	5	1	1	2	5	2	4	1
112	21	Female	L	2	1	4	1	2	5	5	5	2	5	4	5	3	4	5	1	4	1	5	3	4	4	3	5	1	4	4	5	4	1	3	2	4	1	1	2
113	18	Female	L	4	1	2	4	3	5	5	4	5	4	4	4	2	2	3	3	2	1	4	2	2	3	1	3	2	2	2	1	5	1	1	1	4	1	4	4
114	20	Male	R	2	2	3	5	2	5	2	5	4	4	2	3	2	1	1	4	2	3	4	1	1	2	1	4	5	1	1	1	3	4	1	1	4	1	3	1
115	20	Female	R	4	1	1	4	4	5	4	5	4	2	4	5	4	1	2	2	2	2	5	2	2	4	1	4	2	1	1	1	5	1	1	1	4	1	4	2
116	22	Female	R	2	2	2	4	2	5	5	5	2	4	4	4	2	2	5	3	3	2	4	4	4	4	3	4	3	4	4	3	4	1	2	2	4	2	4	4
117	20	Female	R	4	1	3	2	2	5	5	4	4	2	3	2	1	2	3	3	2	2	4	1	2	4	1	2	3	2	1	2	3	4	2	1	3	1	3	5
118	22	Female	R	2	1	5	2	5	5	5	4	2	2	4	3	2	2	4	1	5	1	3	4	2	3	4	1	1	3	2	5	4	2	5	4	1	2	3	4
119	23	Male	R	4	4	3	5	4	5	4	3	4	4	5	1	2	3	4	3	3	3	4	4	3	4	3	4	5	4	3	4	4	3	4	3	4	4	3	4
120	22	Male	R	2	5	5	2	5	5	4	3	1	2	5	1	5	4	5	2	5	2	4	5	3	2	3	1	2	5	4	5	4	1	4	2	2	2	4	3
121	18	Male	R	4	1	2	4	3	5	5	5	4	4	4	5	4	4	1	2	3	3	4	3	4	4	1	3	2	2	2	2	5	1	1	1	5	4	2	4
122	23	Male	R	5	1	4	2	4	5	5	4	5	3	4	3	4	2	4	2	4	1	4	4	5	4	3	2	2	3	1	4	5	1	4	2	2	1	2	5
123	19	Male	R	4	1	3	4	2	5	4	4	4	4	4	4	3	2	2	4	2	3	4	4	1	3	1	4	3	2	2	3	2	4	3	2	2	2	2	3
124	20	Female	R	4	5	2	5	4	5	3	5	4	2	5	4	4	2	2	4	1	2	3	1	2	4	1	4	1	2	1	2	5	1	1	2	4	1	1	2
125	20	Male	L	2	2	2	4	4	5	4	2	4	4	4	2	2	2	4	2	4	4	4	2	2	4	4	2	2	4	2	4	2	4	2	2	3	2	2	4
126	22	Male	R	3	2	4	3	4	5	4	5	2	4	4	4	2	4	4	2	4	4	5	2	2	4	1	4	1	2	5	4	4	1	2	1	2	4	1	4
127	21	Female	R	5	1	1	5	1	5	5	5	5	5	4	4	1	1	2	4	2	1	4	1	1	1	1	5	4	1	1	1	5	1	1	1	5	1	4	1
128	18	Male	R	3	1	1	4	2	5	4	5	4	4	5	2	4	2	1	4	2	4	5	2	2	2	1	4	2	2	2	2	2	4	2	4	4	2	2	1
129	23	Male	R	4	1	1	4	2	5	5	5	2	4	4	4	1	1	1	5	1	1	5	1	1	1	1	5	5	2	1	1	5	2	1	1	5	1	3	1
130	22	Male	R	4	2	1	5	2	5	4	5	4	4	5	4	1	2	1	5	1	2	4	1	1	3	1	5	5	2	1	1	3	2	1	1	4	1	4	2
131	19	Female	R	4	1	2	4	2	5	4	5	4	4	5	5	2	1	4	3	3	2	4	2	1	3	2	2	2	2	1	2	5	2	3	1	4	1	2	4
132	23	Female	R	4	1	2	4	2	5	5	5	4	4	5	3	2	2	3	3	2	4	4	3	2	3	2	4	3	2	2	3	4	2	2	2	3	1	2	2
133	19	Female	R	2	2	1	4	5	5	5	5	2	5	5	5	1	1	1	4	2	4	4	4	1	1	1	5	1	1	1	1	5	1	1	1	2	1	2	4
134	18	Male	R	2	1	3	3	2	5	5	4	3	4	1	5	4	1	3	2	3	2	4	3	1	3	1	4	2	2	1	2	5	4	1	3	2	3	1	2
135	23	Male	R	5	1	1	5	1	5	5	5	5	5	1	5	1	1	1	5	1	1	5	1	1	1	1	5	5	1	1	1	5	1	1	1	5	1	5	1
136	24	Male	R	2	1	2	4	2	5	4	4	4	4	1	4	2	2	2	4	2	1	4	1	1	2	1	2	2	1	1	3	5	1	1	1	4	1	2	4
137	21	Male	R	4	1	1	2	2	5	2	5	4	4	3	4	4	2	1	4	2	1	5	2	1	2	1	4	4	2	2	1	5	2	1	1	4	1	3	2
138	21	Female	R	4	1	1	4	2	5	5	5	4	4	3	3	1	1	2	4	2	2	5	2	2	3	2	4	4	2	2	2	4	1	2	2	3	3	3	1
139	20	Female	R	2	1	4	2	4	5	5	5	4	3	5	4	2	2	4	2	3	2	5	1	3	4	1	3	2	2	2	2	5	2	1	1	2	2	2	5
140	20	Male	R	4	1	3	2	4	5	5	5	4	5	3	4	4	3	4	1	4	1	4	5	1	2	1	4	1	1	4	3	3	4	1	3	4	4	5	3
141	19	Male	R	2	1	2	5	4	5	5	5	2	3	4	3	4	4	5	1	4	1	4	2	5	4	5	3	2	5	5	5	2	4	4	3	2	2	1	4
142	20	Female	R	1	1	3	2	4	1	5	4	3	2	4	4	4	1	2	2	3	1	5	1	1	2	2	2	2	1	1	3	2	4	1	1	4	4	1	2
143	20	Female	R	2	4	3	4	2	5	4	3	4	4	3	4	2	2	4	2	3	3	4	2	4	2	2	3	2	2	2	2	4	3	2	2	4	2	2	4
144	20	Male	R	4	1	2	5	2	5	5	4	4	4	2	4	2	2	2	4	2	1	4	2	2	2	1	4	4	2	2	2	4	2	1	1	4	1	2	2
145	20	Female	R	2	1	3	3	4	4	5	5	3	4	2	3	2	2	4	2	3	2	4	4	2	3	1	2	3	2	2	2	4	4	1	2	3	3	2	2
146	19	Male	R	3	2	3	4	5	5	3	5	4	4	5	2	4	5	4	3	5	2	5	5	1	4	4	3	4	2	4	3	3	5	2	1	1	4	2	1
147	23	Female	R	2	1	1	4	2	5	5	5	4	4	4	3	2	1	4	2	2	1	4	2	1	4	1	4	3	1	1	1	4	1	1	1	2	1	2	2
148	21	Male	R	4	1	1	5	1	5	5	5	5	5	3	4	2	2	1	4	1	1	5	1	1	2	1	5	4	2	2	1	5	2	1	1	5	1	4	1
149	18	Male	R	4	1	1	4	2	5	5	5	4	5	2	3	2	1	1	5	1	1	5	1	1	2	1	5	5	2	1	1	4	2	1	1	4	1	3	1
150	19	Female	R	4	1	3	3	3	5	4	5	4	4	5	2	3	2	2	3	2	2	4	2	2	2	2	3	3	2	2	2	4	2	2	1	3	1	2	2
151	21	Male	R	3	1	3	5	2	5	5	5	4	5	4	3	2	3	3	2	3	2	4	2	1	4	3	4	2	4	3	4	3	1	2	2	3	1	2	3
152	23	Male	R	4	2	2	4	3	5	4	5	5	4	2	4	2	1	2	4	2	2	4	2	2	2	2	4	3	2	1	2	5	2	2	2	4	1	2	1
153	33	Male	L	4	1	2	5	2	5	4	5	5	5	4	4	4	1	4	2	2	2	5	2	2	2	2	4	2	2	4	2	5	2	2	1	2	1	2	2
154	22	Male	R	4	2	3	2	4	5	4	5	3	5	5	4	4	3	4	2	2	4	4	4	4	3	5	4	4	2	3	3	4	4	2	1	2	2	2	4
155	20	Female	R	2	1	2	4	3	5	2	4	3	4	5	4	5	2	4	2	4	1	4	2	2	4	2	4	3	2	1	2	4	4	1	2	3	2	2	2
156	20	Female	R	2	1	2	3	2	5	4	4	4	5	5	4	2	1	2	4	2	2	5	1	1	2	1	4	4	2	1	1	5	2	1	1	5	1	3	2
157	19	Male	R	4	1	2	4	2	5	5	5	4	4	1	2	2	2	4	4	2	2	4	1	2	4	2	4	4	2	2	2	4	2	1	1	2	2	1	4
158	19	Female	R	2	1	3	4	3	4	4	4	3	4	5	4	3	1	3	3	2	1	4	4	3	4	1	3	2	3	1	1	4	1	1	1	3	2	3	3
159	21	Female	R	1	4	4	4	4	5	5	3	2	4	5	2	4	3	4	2	4	3	3	4	2	5	3	2	2	2	3	4	2	5	4	3	1	1	1	4
160	19	Female	R	4	1	1	4	2	5	5	5	5	5	4	5	2	2	3	3	2	1	5	2	1	2	1	5	4	1	1	1	5	1	1	1	5	1	4	1
161	22	Male	R	2	2	3	4	2	5	4	5	4	4	2	2	2	2	4	2	3	2	4	4	1	4	1	3	2	2	2	2	4	4	1	1	3	2	2	2
162	20	Male	L	4	1	1	5	2	5	5	5	5	4	4	5	1	1	1	4	2	1	5	4	1	2	1	5	5	1	1	1	5	1	1	1	5	1	4	2
163	19	Male	R	3	2	2	4	2	5	2	4	4	5	2	4	2	2	4	4	2	2	4	2	2	2	1	4	4	2	1	2	3	2	1	2	4	1	2	2
164	21	Female	R	2	1	2	2	4	5	4	2	2	4	5	1	2	1	4	2	4	4	4	4	4	4	3	2	2	3	1	4	5	4	2	2	2	1	2	2
165	22	Female	R	2	1	3	4	4	5	5	4	5	5	5	5	2	2	4	1	4	2	3	2	1	2	2	2	2	3	4	4	5	4	3	3	3	1	4	4
166	23	Male	R	2	1	5	2	5	5	4	5	1	5	5	4	2	4	5	1	5	4	5	5	4	5	5	3	1	3	4	4	4	3	3	4	1	4	3	4
167	26	Female	R	4	4	4	2	4	5	5	2	2	4	2	4	2	5	5	1	5	5	4	5	5	5	4	1	1	4	5	5	5	2	4	5	1	4	1	5
168	19	Female	R	5	1	1	5	1	5	4	5	4	5	4	5	1	1	1	5	2	1	5	1	1	1	1	5	5	1	1	1	4	1	1	1	5	1	2	2
169	23	Female	R	2	1	3	4	1	5	5	5	4	5	3	2	3	1	3	2	3	1	5	4	2	3	2	3	3	3	1	3	3	3	1	1	3	1	3	4
170	21	Female	R	4	4	2	4	4	4	4	5	5	4	5	4	2	2	2	4	2	2	4	2	2	4	2	4	4	2	2	2	5	2	2	2	3	2	4	4
171	21	Female	R	4	1	1	4	2	5	4	4	4	5	4	4	2	2	2	4	2	2	4	2	2	2	1	4	4	2	2	2	4	2	1	2	4	1	4	2
172	18	Male	L	5	4	1	5	1	5	5	5	5	5	4	5	1	1	1	4	1	1	5	1	1	1	1	5	5	1	1	1	5	1	1	1	5	1	5	1
173	25	Female	R	2	3	1	4	4	5	5	5	4	5	4	5	1	1	2	3	2	5	5	3	1	2	1	5	1	1	2	2	5	3	1	2	3	1	2	2
174	23	Female	R	5	1	2	5	2	5	5	5	3	4	4	5	2	2	2	4	2	1	5	1	1	2	2	5	4	2	2	2	4	1	1	1	4	2	4	4
175	21	Female	R	1	1	1	2	1	5	1	1	1	5	1	1	4	1	5	1	5	1	2	4	1	4	1	1	1	1	4	1	2	5	1	2	4	2	1	2
176	20	Male	L	2	2	4	2	4	5	5	4	4	5	1	3	5	4	5	2	4	3	4	4	5	5	4	2	2	4	4	5	2	4	3	3	2	4	4	4
177	23	Male	R	4	4	4	4	4	5	4	5	2	4	5	2	5	5	1	3	3	4	4	4	4	4	2	4	4	4	1	2	3	3	4	4	5	4	4	3
178	19	Female	R	4	4	1	4	2	5	5	5	2	5	4	4	2	1	2	2	1	1	5	1	1	1	1	5	4	1	1	2	4	1	1	1	4	1	2	4
179	19	Male	R	4	1	3	3	2	5	4	5	2	3	2	4	2	1	1	3	1	1	5	2	1	4	1	3	3	2	1	3	3	4	1	1	2	3	2	3
180	24	Female	R	2	1	5	2	5	3	2	2	5	4	2	4	1	5	5	1	4	5	4	4	4	4	3	2	3	1	5	2	2	1	1	2	2	3	3	3
181	20	Female	R	5	1	1	4	2	5	5	5	5	5	2	4	2	1	2	4	1	1	4	1	1	1	1	5	4	1	1	1	5	1	1	1	4	1	4	1
182	26	Male	R	4	1	4	2	4	5	2	2	4	4	4	2	4	2	5	1	4	2	4	4	2	4	1	2	2	2	2	4	4	2	1	2	3	2	1	1
183	21	Female	R	2	1	3	3	3	5	4	3	5	3	5	4	5	2	2	2	4	1	4	2	2	2	1	3	3	1	2	2	5	2	1	1	3	1	4	2
184	19	Female	R	1	4	4	5	2	5	4	5	2	5	2	3	2	1	5	2	4	2	4	2	4	4	4	2	1	2	3	4	5	4	3	2	2	2	2	2
185	19	Female	L	2	1	4	2	5	5	5	2	4	3	5	4	4	4	5	1	4	2	5	2	2	4	4	1	1	2	2	4	1	2	2	1	1	2	2	4
186	22	Female	R	4	2	2	4	2	5	4	5	4	4	4	3	2	2	4	3	2	2	4	2	2	3	2	3	4	2	2	2	4	2	2	2	4	2	2	4
187	19	Female	R	5	1	1	5	1	5	5	5	5	4	5	4	2	1	1	5	1	4	5	1	1	2	1	5	5	1	1	1	5	2	1	1	4	1	2	1
188	18	Male	R	2	2	4	4	5	5	5	5	2	3	2	4	2	2	4	1	3	2	4	2	2	4	4	5	1	2	4	4	4	4	4	4	3	2	1	4
189	24	Male	R	4	2	1	4	2	5	5	5	5	5	3	5	2	1	1	5	2	1	5	1	2	1	1	5	5	1	1	1	4	1	1	1	5	1	4	1
190	20	Male	R	4	2	1	4	2	5	4	4	4	4	2	3	2	2	2	4	2	2	4	2	2	2	2	4	4	2	2	2	3	2	1	2	4	1	4	2
191	18	Male	R	1	1	1	4	2	5	3	2	3	5	2	5	2	1	3	3	1	1	4	3	1	2	1	3	3	1	1	1	4	1	1	1	4	1	2	1
192	22	Male	L	4	1	2	4	2	5	4	4	4	4	2	3	4	1	1	4	2	2	5	2	2	2	2	4	2	4	2	2	4	1	1	1	4	1	3	2
193	19	Female	R	5	1	2	4	1	5	4	3	5	4	2	4	1	2	2	2	2	2	4	2	1	2	1	4	3	2	2	2	4	1	1	1	3	1	2	4
194	23	Male	R	2	1	3	4	2	5	5	4	2	5	4	5	1	1	2	3	3	1	5	2	1	2	2	3	3	1	1	1	5	1	1	1	5	1	3	1
195	23	Male	R	2	1	5	4	3	5	4	5	2	4	2	4	2	4	4	1	4	4	4	5	2	4	1	3	2	4	4	4	4	1	2	2	2	1	1	4
196	19	Male	R	4	1	2	3	2	5	4	3	5	4	2	3	4	2	2	4	2	3	4	2	1	4	1	3	2	2	2	2	4	5	3	1	4	1	2	4
197	21	Female	R	4	1	2	4	2	5	5	5	4	5	2	4	1	1	3	3	2	1	5	2	1	4	1	4	3	4	1	1	5	1	2	1	2	1	2	3
198	21	Female	R	4	1	1	5	1	5	5	5	5	5	5	5	1	1	1	5	3	3	5	1	1	1	1	4	1	3	1	2	3	1	2	2	3	3	3	1
199	18	Male	R	2	1	2	4	2	5	5	5	2	4	5	4	2	1	2	4	2	2	4	2	2	2	1	4	5	1	2	1	5	2	1	1	5	2	2	2
200	21	Female	R	2	3	4	4	2	5	5	5	2	5	5	3	2	2	4	2	3	2	4	4	3	2	3	2	1	4	2	3	4	2	3	1	2	4	2	3
201	21	Female	R	4	1	2	4	2	5	5	5	3	5	2	4	1	1	1	5	2	2	5	2	2	2	1	4	4	3	1	1	5	1	1	1	4	1	2	4
202	23	Male	R	2	1	4	2	2	4	2	1	2	4	2	2	2	1	4	2	4	3	4	4	4	4	3	1	2	5	1	4	3	4	3	4	1	2	2	4
203	20	Male	R	2	1	4	4	3	5	2	4	4	3	4	2	2	2	5	1	5	2	2	4	4	3	1	4	2	3	1	4	2	4	2	3	2	2	1	4
204	20	Male	R	2	4	2	4	1	5	5	5	2	5	4	2	1	1	1	3	2	1	5	1	1	2	1	5	3	1	1	1	5	1	1	1	5	1	4	1
205	24	Male	R	4	1	1	5	2	5	4	5	4	4	2	4	2	1	2	3	2	1	5	2	1	2	1	4	3	2	2	3	5	1	2	1	4	1	3	4
206	23	Male	L	3	1	2	2	3	5	4	4	2	4	4	3	4	4	2	3	3	2	4	3	2	3	2	2	3	2	4	2	3	3	2	2	2	2	2	3
207	19	Male	R	4	1	2	3	3	3	4	5	5	5	3	4	3	1	4	3	3	3	4	4	2	2	2	3	3	3	2	2	3	2	2	2	4	2	4	2
208	23	Male	R	2	1	2	5	1	5	2	4	2	4	4	4	4	4	4	2	3	2	4	4	2	5	2	4	2	4	2	2	2	4	4	2	2	1	1	5
209	21	Female	R	1	1	1	2	2	5	5	5	4	4	1	2	4	1	1	4	4	2	5	4	2	4	4	4	4	4	4	4	2	2	3	4	3	2	2	4
210	22	Male	R	2	2	4	2	5	5	4	4	4	4	2	2	2	1	5	1	4	2	5	5	5	4	2	3	4	4	2	4	2	4	3	2	2	1	2	4
211	24	Male	R	3	2	2	3	3	5	5	5	4	5	4	4	3	1	4	3	3	2	4	2	3	4	1	5	3	2	1	2	4	1	2	2	4	1	2	4
212	20	Male	R	4	3	2	2	2	5	4	5	2	5	5	4	2	1	1	4	2	1	5	2	2	1	1	5	4	1	1	1	4	3	1	1	4	1	4	2
213	19	Female	R	4	1	1	5	2	5	5	4	2	5	4	4	2	1	2	4	2	2	4	2	2	2	1	3	4	2	1	2	5	2	1	1	4	2	3	2
214	21	Male	R	2	2	2	4	2	5	5	5	4	4	1	4	2	1	4	3	3	1	5	3	1	3	1	4	5	1	1	1	5	2	1	1	4	1	3	2
215	18	Female	R	4	1	2	4	2	5	4	4	5	4	2	2	2	2	2	4	2	2	5	2	1	2	1	4	5	2	2	2	5	1	1	1	4	1	4	1
216	21	Female	R	2	1	4	2	4	5	5	5	2	4	4	4	1	1	5	1	5	2	5	2	1	4	2	4	1	2	1	4	4	2	1	2	4	1	1	5
217	21	Male	R	2	1	4	3	4	5	4	2	2	5	2	4	2	2	2	2	4	2	2	2	1	2	1	2	2	1	1	3	5	1	1	2	4	1	2	1
218	21	Female	R	5	1	1	5	2	5	5	5	5	5	2	4	2	1	1	4	1	1	4	1	1	1	1	4	4	2	1	1	4	1	2	1	4	1	5	2
219	21	Male	R	2	1	2	4	2	5	5	4	4	5	5	4	2	2	4	2	3	4	5	2	1	2	3	4	4	3	2	2	5	2	1	1	4	1	3	1
220	25	Male	R	4	1	2	4	3	5	4	4	4	4	2	4	2	2	3	2	3	4	4	3	2	4	2	4	2	2	2	4	4	2	1	1	3	2	2	2
221	21	Female	R	4	1	2	4	2	5	5	5	5	4	2	4	2	1	2	3	2	1	5	3	1	2	2	4	2	1	1	2	5	1	1	1	4	1	2	2
222	36	Female	R	2	1	3	3	3	5	5	5	2	4	1	5	1	1	5	1	4	1	2	2	2	1	1	4	1	2	2	1	5	1	1	2	2	1	1	1
223	21	Female	R	4	1	1	5	2	5	5	5	4	4	2	3	2	2	3	4	2	4	4	2	2	2	1	4	4	1	2	2	5	2	2	2	4	1	3	2
224	21	Female	R	3	4	3	3	2	5	4	4	4	3	4	3	3	3	4	3	3	3	4	3	3	3	3	3	3	3	3	3	4	2	2	2	3	2	2	2
225	22	Male	L	4	1	2	4	4	5	5	5	4	4	2	3	2	2	2	3	2	1	5	2	2	3	1	5	3	2	1	1	5	2	1	1	4	1	3	2
226	18	Male	R	4	1	2	5	3	5	3	5	4	4	3	4	4	3	2	3	2	2	4	2	1	2	1	4	2	2	2	2	4	3	2	1	4	2	2	1
227	21	Male	R	4	1	2	3	2	5	5	4	2	4	3	4	4	2	4	2	2	1	4	4	3	2	1	4	2	2	2	3	3	2	1	1	3	1	2	4
228	21	Male	R	2	1	3	2	4	5	5	4	2	4	2	2	2	2	4	1	4	1	5	2	2	2	1	2	1	2	2	4	5	1	3	1	4	1	2	4
229	20	Female	R	4	1	4	4	2	5	5	5	3	4	5	3	3	3	2	3	2	3	5	2	1	2	1	4	3	1	1	2	5	2	1	1	4	1	2	1
230	23	Male	R	2	1	5	2	5	5	5	5	2	5	4	5	2	4	3	1	5	3	4	3	1	1	4	4	1	1	4	4	5	4	4	5	5	1	2	2
231	19	Male	R	3	1	3	4	3	5	2	4	3	4	5	1	4	2	4	2	4	1	5	2	4	1	1	4	2	2	2	3	5	2	1	1	3	1	2	2
232	22	Male	R	2	2	4	4	2	5	4	5	4	4	4	5	4	1	2	3	2	2	4	2	2	4	1	4	3	4	2	2	4	1	2	2	2	2	4	2
233	21	Male	R	4	1	3	4	3	3	5	2	4	5	4	5	2	2	4	3	2	2	4	2	2	2	1	4	2	2	2	2	5	2	1	2	4	2	3	3
234	21	Female	R	2	2	3	4	2	5	5	5	4	4	4	4	2	2	4	3	3	1	4	2	1	2	3	4	1	3	2	2	5	1	2	1	4	1	3	2
235	20	Male	R	4	1	2	2	4	5	4	2	2	4	5	2	4	2	2	4	2	4	4	4	2	3	2	4	2	2	2	2	2	2	2	2	4	2	3	4
236	19	Female	L	2	1	4	2	4	5	4	5	2	4	5	2	2	1	2	2	3	1	4	2	2	4	1	4	3	1	1	1	3	4	2	1	3	1	1	2
237	19	Female	R	2	2	2	2	3	5	2	4	4	3	5	2	4	2	5	2	3	2	4	2	2	4	1	2	1	3	2	3	3	4	1	2	2	1	2	4
238	19	Male	R	2	1	1	4	2	5	5	5	4	5	4	2	3	1	4	2	3	1	5	2	1	2	1	4	1	2	1	2	5	2	2	4	5	1	1	1
239	19	Female	R	2	1	3	4	3	5	4	5	3	4	4	3	2	1	3	3	2	2	4	2	3	3	1	4	4	2	1	2	4	3	2	1	3	1	2	4
240	22	Male	R	5	3	2	4	3	5	4	1	5	4	4	4	2	1	4	2	4	2	5	4	4	2	3	1	2	4	1	4	4	1	4	2	4	3	5	2
241	22	Male	R	2	1	3	4	4	5	4	5	4	4	4	3	4	2	5	2	2	1	1	4	4	5	2	4	2	4	2	1	5	1	1	1	3	2	1	1
242	21	Female	R	2	1	3	2	2	5	5	5	4	5	2	5	2	1	4	2	4	4	4	3	1	1	1	4	2	1	3	4	5	4	1	1	4	1	2	1
243	23	Male	R	4	1	2	4	2	5	3	3	4	4	4	4	3	1	2	3	2	1	5	1	2	3	1	2	3	1	1	2	5	2	1	1	4	1	2	1
244	23	Male	R	1	1	1	4	2	4	5	5	4	5	2	5	1	1	3	3	3	1	5	1	1	1	1	1	2	3	1	4	5	1	1	1	4	1	2	3
245	24	Male	R	4	1	2	5	2	5	4	5	4	4	5	4	2	2	2	3	2	2	3	1	2	2	1	4	2	2	2	2	4	2	1	2	5	1	2	2
246	22	Male	R	3	4	4	2	3	5	5	5	2	4	4	3	3	2	4	1	3	3	4	4	2	4	2	3	2	3	4	4	3	2	3	3	2	2	3	4
247	18	Female	R	2	1	2	2	4	5	4	4	2	4	5	4	4	2	5	2	3	2	5	2	2	4	1	4	2	1	2	3	5	3	1	1	2	2	2	2
248	23	Male	R	4	1	2	4	2	5	5	5	4	5	2	4	2	2	2	4	2	1	4	2	1	2	1	4	3	1	1	1	5	1	1	1	5	1	4	1
249	19	Female	R	3	1	3	3	3	5	5	5	4	4	5	4	2	2	4	2	3	2	5	1	2	2	2	3	2	1	2	2	4	1	1	1	4	2	3	1
250	22	Female	R	2	1	4	1	5	3	5	2	2	5	5	2	3	4	4	1	5	2	3	2	4	5	2	1	1	4	3	4	2	4	2	2	1	3	1	4
251	18	Male	R	2	4	5	2	5	5	2	5	2	3	1	5	3	1	5	1	5	5	5	5	3	5	3	2	1	5	4	4	4	5	3	4	1	4	3	4
252	20	Female	R	4	1	4	5	4	5	5	5	5	4	4	3	4	2	2	4	2	4	5	2	2	2	1	4	2	1	2	1	5	2	1	2	4	2	4	1
253	21	Male	R	2	1	2	2	4	5	5	5	2	4	1	5	1	2	4	2	4	4	2	1	2	2	3	4	2	2	2	4	4	2	4	1	4	1	1	5
254	18	Female	R	3	1	2	5	1	5	5	5	4	5	4	5	1	1	4	2	2	2	5	4	2	4	1	4	2	1	1	2	4	2	1	1	4	1	2	2
255	22	Female	R	2	1	1	4	2	5	5	5	2	2	4	1	4	1	4	4	2	2	4	1	1	4	1	4	1	2	1	2	4	2	1	1	2	1	2	2
256	18	Male	L	2	2	4	2	2	5	5	5	2	5	2	1	1	1	5	1	4	1	5	1	1	2	1	5	1	2	1	2	5	1	1	1	4	1	2	2
257	22	Female	R	3	1	4	4	2	5	5	5	4	4	5	5	2	2	3	2	3	4	5	2	3	4	2	3	2	4	2	2	5	4	4	3	2	1	1	2
258	22	Female	R	4	1	2	2	4	5	5	5	4	4	2	3	2	1	4	3	4	4	5	1	2	2	1	4	3	4	1	2	5	1	1	4	2	4	2	1
259	22	Male	R	2	1	1	4	2	5	5	5	4	5	2	3	2	1	2	3	3	2	4	1	1	1	1	4	3	1	1	2	5	1	1	1	4	1	3	1
260	19	Female	R	5	4	1	5	4	5	5	5	5	5	5	2	5	2	2	4	2	2	5	2	2	2	1	5	5	2	3	2	5	2	1	2	4	2	4	4
261	21	Female	R	2	3	2	3	4	5	4	4	2	2	5	4	2	3	5	3	3	2	4	2	1	2	1	3	1	3	2	4	4	1	3	3	4	1	2	3
262	18	Female	R	4	2	2	4	3	5	3	4	4	4	3	4	3	2	3	4	2	2	4	3	2	2	1	4	3	2	2	2	4	3	2	2	4	1	2	4
263	19	Female	R	4	1	2	4	2	5	5	5	4	2	4	4	2	1	2	4	2	1	4	2	1	4	1	5	5	1	1	1	4	1	1	1	2	4	2	4
264	23	Male	R	2	1	1	2	3	2	4	4	3	3	2	4	2	4	4	3	1	1	4	1	2	3	1	3	2	2	1	1	4	2	1	1	3	1	2	4
265	19	Female	R	5	1	1	5	1	5	4	5	5	4	5	5	2	1	4	5	1	4	5	4	1	2	1	4	4	2	1	1	4	1	1	1	2	4	2	2
266	19	Male	R	4	1	2	4	2	5	4	4	4	5	4	3	2	2	2	4	2	2	4	2	2	2	2	4	5	2	2	2	5	2	2	2	4	2	4	2
267	21	Female	R	4	1	1	4	2	4	4	5	4	3	1	4	4	2	4	1	5	2	2	4	4	4	4	4	2	4	4	4	2	4	4	4	4	4	4	2
268	21	Female	R	2	2	2	4	2	5	5	5	4	4	5	4	4	2	2	3	3	4	4	2	2	4	2	5	3	1	2	2	5	2	2	1	4	1	2	4
269	22	Female	L	2	1	4	3	4	5	5	4	2	2	4	2	3	2	5	1	3	3	4	4	3	4	4	4	2	3	4	4	5	4	4	4	2	1	1	5
270	22	Female	R	2	2	4	2	4	5	4	4	2	4	5	3	2	4	4	2	4	3	4	4	4	4	3	2	2	3	4	4	4	4	3	2	2	2	2	4
271	21	Female	R	2	3	4	3	4	5	2	4	2	4	2	3	2	2	4	2	4	3	2	4	4	2	1	3	2	4	1	3	5	4	4	4	2	3	3	1
272	21	Male	R	2	1	2	4	2	5	4	3	2	5	4	4	1	1	2	3	2	2	5	4	2	2	1	4	2	2	1	2	4	2	1	1	4	2	2	2
273	19	Male	R	5	5	1	5	1	5	5	5	5	5	3	5	2	1	2	4	3	1	5	1	1	2	1	5	5	1	1	1	5	1	1	1	4	1	4	2
274	18	Female	R	5	1	2	5	2	5	5	5	5	5	5	4	2	1	2	5	2	2	5	2	1	2	2	4	3	2	1	1	5	1	2	1	4	1	2	2
275	19	Female	R	5	1	1	5	2	5	4	5	5	5	2	5	2	2	1	5	2	4	5	1	1	1	1	4	4	1	1	1	5	1	2	1	5	1	3	1
276	20	Female	R	4	1	4	3	4	5	5	5	4	5	3	4	2	1	2	2	2	1	5	1	2	3	1	4	2	4	1	3	5	2	3	1	4	1	3	2
277	21	Male	R	4	1	2	3	2	5	5	5	2	5	4	2	2	2	4	2	4	2	4	4	4	3	1	5	2	2	2	2	5	1	1	1	1	2	1	2
278	18	Female	R	4	2	2	4	2	4	4	4	4	4	2	4	2	4	2	4	3	3	4	2	2	2	1	2	3	2	4	2	5	2	2	2	4	2	2	2
279	24	Female	R	4	2	2	4	4	5	4	4	4	4	2	4	2	2	2	2	2	2	4	2	2	4	1	4	2	2	2	2	4	2	1	2	4	2	2	4
280	21	Female	R	2	1	4	2	4	5	4	4	4	5	2	5	2	1	4	2	4	2	4	2	2	2	2	4	4	2	1	4	5	2	2	2	4	1	2	2
281	18	Female	R	4	1	2	4	2	5	5	5	4	4	5	4	5	1	2	4	2	2	3	2	1	4	2	4	2	1	2	2	4	1	2	2	4	2	3	1
282	23	Male	R	4	1	3	4	2	5	4	5	4	4	3	4	5	1	2	5	2	2	5	4	3	2	1	4	2	1	2	2	4	1	1	1	4	2	4	4
283	23	Male	R	2	1	3	3	4	5	5	5	5	5	1	4	2	1	4	2	3	2	4	4	2	4	1	4	3	4	1	3	5	4	2	2	3	1	2	4
284	19	Female	R	4	1	1	4	3	5	5	5	4	4	4	3	2	1	2	4	2	1	4	2	1	2	1	4	4	1	1	1	4	2	1	1	5	1	2	2
285	21	Male	R	4	1	1	4	2	5	4	5	3	4	3	4	2	1	2	3	2	1	5	2	2	2	1	4	3	2	1	2	4	2	1	1	4	1	4	2
286	21	Male	R	4	1	1	4	2	5	5	5	3	5	3	3	2	1	3	3	2	2	4	2	1	3	1	4	3	1	1	2	5	2	1	2	4	1	3	1
287	22	Male	R	4	1	2	4	2	5	2	5	4	4	3	4	2	2	2	3	3	3	4	2	1	2	1	4	2	2	1	1	5	1	1	1	4	2	2	2
288	19	Female	R	4	1	3	2	4	5	5	5	3	4	4	4	4	2	2	2	3	3	4	2	4	4	1	4	2	3	2	4	4	3	2	3	4	2	2	4
289	19	Female	R	5	4	1	4	4	4	5	5	5	5	4	4	3	2	3	3	3	3	5	2	3	3	1	4	3	3	2	2	4	1	1	1	3	1	2	3
290	20	Female	R	2	1	2	4	5	5	5	3	2	5	5	1	4	1	4	1	4	1	5	4	1	4	1	2	1	2	1	2	2	1	4	1	2	1	1	4
291	23	Female	R	3	1	2	4	3	5	4	4	3	4	5	2	2	1	4	3	2	2	5	2	2	3	1	3	2	1	1	2	2	3	1	1	2	4	1	4
292	18	Female	R	4	2	2	4	4	5	5	3	2	4	4	4	3	3	4	2	3	4	3	4	4	3	3	4	2	3	2	4	4	3	2	4	3	1	2	3
293	20	Male	R	2	1	4	3	4	5	4	5	2	3	2	3	5	3	4	3	4	2	3	3	3	4	2	3	3	3	2	2	3	4	3	1	2	1	2	3
294	20	Male	R	2	1	1	5	3	5	4	5	2	4	3	2	2	1	2	3	3	1	4	2	2	2	1	4	3	1	1	1	4	2	1	2	4	1	2	2
295	21	Female	R	1	4	3	2	4	5	5	4	3	3	1	1	3	3	1	3	4	5	4	1	4	1	1	5	5	1	3	1	5	1	1	1	5	3	3	3
296	21	Male	R	2	1	3	4	2	5	4	2	5	5	2	4	2	1	4	2	3	1	4	2	1	2	1	2	2	1	1	1	5	4	1	1	4	1	2	2
297	20	Male	R	3	3	3	2	2	5	4	4	4	3	4	3	4	2	2	4	2	2	4	2	1	3	1	3	4	2	1	2	3	2	3	1	4	1	3	2
298	19	Female	R	1	4	5	1	5	4	4	1	1	2	5	1	4	5	5	1	4	4	2	4	5	4	4	1	1	5	5	4	4	2	4	4	2	2	2	5
299	22	Male	R	5	2	2	5	2	5	4	5	4	4	1	4	1	1	1	5	1	2	5	1	2	3	1	4	5	2	1	1	5	2	1	1	5	1	4	1
300	18	Male	R	2	1	4	2	5	5	3	5	1	4	5	2	1	1	5	1	4	4	5	5	2	1	1	4	1	1	1	4	5	4	3	3	3	2	1	2
301	19	Male	R	3	2	4	3	2	5	4	2	3	4	1	2	4	4	2	3	3	2	4	2	2	2	1	4	4	2	2	2	2	4	2	2	4	1	3	2
302	20	Male	R	3	1	2	4	2	5	5	4	4	5	2	5	2	1	4	5	2	3	5	2	1	2	1	5	5	2	1	1	4	3	2	1	5	1	3	1
303	18	Female	R	2	1	2	4	4	5	1	5	2	5	5	3	4	1	5	1	5	3	5	4	1	4	4	4	1	2	1	4	5	4	3	1	2	1	1	4
304	22	Female	R	2	4	4	2	4	5	5	5	2	2	4	4	2	2	5	2	4	1	5	2	4	2	1	3	2	2	1	2	5	2	1	1	4	2	2	2
305	20	Male	R	5	1	1	5	1	5	4	5	5	5	2	5	4	4	4	2	2	1	5	1	1	1	1	4	4	1	1	1	5	1	1	1	5	1	5	4
306	19	Female	R	5	2	1	5	2	5	5	5	4	4	2	4	2	2	1	5	1	2	4	2	1	3	1	5	2	2	1	1	4	2	1	1	4	2	3	2
307	21	Female	R	4	4	4	5	1	5	2	2	5	5	4	3	1	1	2	1	5	1	5	1	1	2	1	2	1	1	1	3	4	4	4	1	4	3	1	2
308	18	Male	R	1	2	5	1	5	2	2	2	1	4	4	2	2	5	5	1	5	5	4	5	5	5	5	1	1	5	5	5	4	2	2	2	1	4	1	4
309	23	Female	L	5	1	1	5	2	5	3	5	4	4	2	4	3	1	2	4	1	2	4	1	1	1	1	5	4	1	1	1	5	1	1	1	5	1	3	1
310	21	Female	R	1	1	3	2	4	5	3	4	4	4	4	4	2	1	4	2	3	2	5	3	2	4	2	4	3	2	1	3	4	5	2	2	2	1	1	4
311	24	Male	R	4	1	1	4	2	5	5	5	5	4	1	4	1	1	2	3	4	1	5	1	1	2	1	5	2	1	1	1	5	1	1	1	5	1	4	1
312	23	Female	R	4	2	1	5	3	5	5	5	5	5	3	4	2	1	2	4	2	3	5	2	2	2	1	5	4	2	1	1	4	1	3	1	4	2	4	2
313	22	Male	R	4	1	3	3	4	5	5	5	5	5	2	5	2	1	2	3	3	1	5	3	3	2	1	5	4	3	1	1	5	1	1	1	4	1	4	2
314	20	Female	R	4	2	2	4	3	5	4	4	2	5	4	4	1	1	3	4	2	4	4	2	1	4	1	4	4	3	1	1	5	3	1	1	4	1	2	2
315	22	Female	R	2	1	2	4	2	1	4	5	2	5	4	3	1	1	2	4	2	2	4	1	1	2	2	2	5	1	1	1	5	4	1	1	2	4	2	2
316	22	Female	R	4	1	4	2	4	5	5	5	5	4	4	4	4	2	4	2	3	2	4	4	2	2	2	4	2	2	1	4	4	2	2	2	4	1	2	2
317	21	Female	R	3	1	3	4	3	5	5	5	5	5	5	5	1	1	1	3	3	1	5	3	1	4	1	5	3	1	1	1	5	1	1	1	5	1	5	3
318	18	Female	R	5	1	1	4	3	5	5	5	4	5	5	4	4	2	2	3	2	2	4	2	1	1	1	3	3	2	2	2	4	1	1	2	4	1	4	2
319	21	Female	R	2	2	3	2	4	3	4	2	2	2	2	2	4	4	3	2	4	2	2	4	3	4	1	2	2	3	4	3	3	4	3	2	2	2	2	2
320	20	Female	R	1	1	4	1	4	5	4	2	2	2	5	4	5	3	5	1	5	4	3	5	3	4	1	2	1	3	2	4	5	3	2	2	2	4	1	5
321	25	Male	L	5	2	2	4	4	5	5	5	5	5	2	3	2	2	1	4	2	3	5	2	2	3	2	4	3	2	2	2	4	2	2	1	4	1	4	3
322	19	Male	R	2	1	2	4	3	5	5	5	5	4	3	5	1	1	1	5	1	4	5	1	1	1	1	5	5	3	1	1	4	1	1	1	5	1	4	2
323	24	Female	R	4	2	2	3	2	5	5	5	4	5	5	4	3	1	3	2	3	1	4	3	1	2	2	4	3	1	1	3	5	2	1	4	3	2	2	3
324	21	Female	R	4	1	1	5	2	5	5	5	5	3	2	4	1	2	2	4	2	2	4	2	1	2	1	5	5	2	2	2	4	1	1	1	4	1	3	1
325	20	Male	R	2	1	3	2	4	5	5	4	3	3	4	3	2	1	3	4	2	4	5	2	2	2	2	4	2	2	1	2	3	1	1	2	4	2	2	1
326	26	Male	R	5	1	2	4	1	5	5	5	5	5	3	3	3	1	4	3	3	3	5	1	1	2	1	5	3	3	1	1	5	1	1	1	5	3	4	1
327	22	Male	L	3	2	4	4	4	5	5	5	5	5	2	5	2	1	4	4	1	1	5	4	1	2	1	5	2	1	1	3	5	4	2	1	4	1	2	4
328	19	Male	R	2	1	3	3	4	5	4	4	2	4	5	4	2	3	5	1	3	1	2	4	4	4	4	3	2	4	4	4	4	4	3	5	2	1	2	2
329	23	Female	R	4	2	2	5	2	5	3	4	4	4	5	4	4	4	5	3	2	2	4	2	2	2	1	2	2	4	2	2	5	2	2	2	4	3	4	2
330	18	Male	R	2	2	2	4	2	5	1	4	2	4	5	3	3	2	2	3	3	2	4	2	1	2	1	4	3	2	2	2	5	2	2	2	5	1	2	2
331	19	Male	R	4	3	2	4	3	5	1	4	5	4	5	4	4	5	2	4	2	4	4	4	2	4	2	2	2	4	5	2	4	4	2	2	2	2	4	4
332	21	Male	R	4	1	2	4	3	4	5	4	4	5	1	2	3	1	2	4	3	2	5	2	2	2	2	4	2	2	2	2	4	2	2	2	4	3	4	2
333	23	Male	R	5	1	1	5	1	5	5	5	5	5	5	5	4	1	2	5	2	1	5	1	1	1	1	5	5	1	1	1	5	1	1	1	5	1	4	2
334	18	Male	R	2	2	5	2	4	5	5	4	1	5	4	4	2	5	5	1	4	4	4	4	3	2	4	2	1	4	4	5	5	5	2	4	3	4	2	5
335	20	Female	R	2	2	4	4	2	5	4	4	2	4	4	4	2	4	4	2	3	2	4	2	3	4	2	3	3	2	4	2	4	3	2	2	2	2	2	4
336	21	Female	R	3	2	2	4	4	5	5	5	4	5	4	2	4	2	4	2	3	1	4	4	3	2	1	2	2	2	1	2	2	2	1	1	4	2	2	2
337	20	Female	L	4	1	1	4	2	5	4	4	3	4	4	3	3	2	2	3	3	3	4	2	1	1	1	4	3	1	1	1	3	2	1	1	4	1	3	2
338	22	Female	R	4	1	1	4	4	5	5	5	4	5	5	4	1	1	2	5	2	2	5	1	1	1	1	5	5	1	1	1	4	2	1	1	5	1	4	1
339	23	Male	R	2	1	4	2	5	5	4	4	2	2	4	2	2	4	5	1	4	4	5	5	4	4	5	5	2	4	4	4	2	2	2	2	2	2	1	5
340	20	Male	R	4	1	3	4	4	5	5	5	5	5	3	5	2	2	2	2	2	2	4	3	3	4	4	5	2	3	2	4	5	2	3	4	4	1	3	2
341	19	Female	R	1	1	2	4	1	5	5	5	4	5	4	5	1	1	1	5	1	1	5	1	1	3	1	5	3	1	1	1	4	1	1	1	4	1	2	4
342	24	Male	R	2	1	3	2	4	4	4	4	2	3	3	4	4	2	4	2	3	1	3	3	3	4	2	3	3	3	2	3	4	2	2	2	2	1	1	3
343	21	Male	L	2	1	1	4	2	5	5	4	2	3	4	3	3	2	2	3	2	2	5	2	1	4	1	4	4	2	1	1	4	4	1	2	4	1	2	3
344	21	Male	R	4	1	2	4	1	5	5	4	2	4	1	5	2	1	5	1	3	2	5	4	2	2	1	4	2	1	1	3	5	1	2	1	4	1	3	4
345	19	Male	L	5	1	2	4	2	5	5	4	4	5	1	4	2	1	2	4	2	2	4	2	2	2	1	4	4	2	1	1	4	2	1	1	4	2	3	2
346	21	Male	R	4	2	1	4	2	4	4	5	4	3	1	3	4	2	1	4	2	1	5	3	2	4	2	4	4	1	2	2	4	3	2	3	5	1	2	1
347	19	Female	R	4	1	4	3	3	5	5	5	5	4	5	5	2	1	3	2	4	3	4	3	2	3	2	4	2	2	1	3	4	1	2	1	4	1	4	2
348	20	Female	R	2	2	3	2	2	5	4	5	4	4	3	3	2	3	2	2	2	2	4	3	2	3	1	2	2	2	2	2	3	3	2	2	3	1	3	3
349	19	Male	R	4	1	3	4	3	5	4	4	3	4	5	3	3	1	4	3	2	2	4	2	2	2	2	3	2	2	1	2	5	4	2	2	4	1	2	4
350	22	Male	R	4	1	2	5	2	5	3	5	4	5	2	4	2	1	4	2	3	1	5	1	1	2	1	4	2	1	1	2	5	1	1	1	5	1	3	2
351	21	Male	R	4	1	2	2	3	5	5	5	4	5	4	4	3	2	4	2	3	4	4	2	2	5	1	5	2	3	2	4	4	2	1	1	4	1	4	5
352	19	Male	R	4	1	2	4	4	5	3	5	4	5	2	3	2	4	4	2	3	1	5	3	2	3	4	4	2	3	4	4	4	2	2	3	3	2	2	2
353	21	Male	R	2	2	5	4	4	4	4	5	3	4	4	4	4	4	5	1	4	2	4	4	5	4	5	4	2	4	4	5	4	3	5	4	2	4	1	4
354	19	Female	R	1	1	3	1	5	3	5	3	1	5	5	5	4	2	5	1	5	4	4	4	1	4	1	2	1	2	4	5	5	5	1	3	3	1	1	5
355	21	Male	R	5	2	1	5	1	5	4	5	4	3	5	3	5	3	4	1	3	2	5	2	3	2	4	5	4	2	1	1	4	2	1	2	4	2	3	1
356	21	Male	R	3	1	2	4	2	5	4	5	2	4	5	4	2	1	1	4	2	2	5	2	2	2	2	4	3	1	2	2	5	1	1	2	5	1	2	1
357	19	Male	R	3	1	4	2	4	5	4	4	4	4	3	4	2	1	5	2	4	2	5	5	2	2	2	3	2	2	2	2	5	2	1	2	3	2	2	2
358	23	Female	R	2	1	1	4	3	5	3	4	2	3	5	3	3	2	4	2	2	2	5	2	1	3	1	4	2	2	1	1	4	2	1	1	3	1	2	4
359	19	Female	R	4	1	2	4	4	5	2	5	3	4	2	4	2	4	2	4	2	2	2	4	3	3	4	4	4	4	3	3	3	2	4	2	4	2	2	2
360	24	Male	R	4	2	4	2	3	1	2	4	2	4	4	4	2	2	4	1	4	4	2	4	2	4	2	2	4	2	3	3	4	4	4	1	2	2	1	3
361	19	Male	R	5	1	1	4	1	5	5	5	5	5	2	5	1	1	1	4	1	1	5	1	1	1	1	5	3	1	1	1	5	1	1	1	5	1	4	1
362	19	Female	R	3	1	1	4	2	5	5	5	3	4	4	4	3	1	3	4	2	3	5	3	2	4	1	3	4	3	1	1	4	4	1	1	3	1	4	4
363	18	Male	R	4	1	2	4	2	5	2	4	3	4	4	3	2	2	2	4	2	4	4	2	2	3	2	4	4	2	2	2	4	4	2	2	4	2	2	3
364	23	Female	R	2	1	1	4	2	5	5	5	4	5	2	2	1	1	1	4	2	1	5	2	1	2	1	5	5	1	1	1	4	2	1	1	4	1	3	1
365	22	Male	R	4	1	3	4	2	5	5	5	4	4	2	3	3	1	4	4	2	2	4	3	2	3	1	4	3	2	3	3	4	4	2	2	3	1	2	2
366	21	Female	R	4	2	2	4	1	5	5	5	5	4	2	4	2	1	2	4	2	1	5	2	1	4	1	4	4	1	1	1	5	1	1	1	5	2	4	2
367	20	Female	R	2	1	1	4	2	5	2	5	5	5	2	4	2	2	4	2	3	2	5	2	2	2	1	4	1	2	2	2	5	2	2	1	4	2	1	4
368	21	Female	R	3	1	1	4	2	5	5	5	3	5	4	5	1	1	2	2	3	1	4	1	1	1	1	4	3	1	1	1	5	1	1	1	4	5	5	1
369	21	Male	R	2	3	4	2	4	5	5	4	2	3	4	3	3	2	4	1	4	2	3	3	4	4	3	3	2	2	3	4	3	3	3	2	2	2	2	3
370	19	Male	L	2	1	4	2	2	5	2	5	4	5	5	4	1	2	4	1	3	4	5	2	2	5	2	2	1	1	1	1	5	2	2	2	2	1	2	1
371	28	Male	R	2	2	4	2	4	5	2	4	2	3	3	2	4	2	4	2	4	2	2	4	4	4	2	2	2	3	2	4	2	2	4	3	2	4	2	4
372	21	Female	R	4	1	2	3	2	5	4	5	4	5	4	3	2	2	4	3	2	2	4	3	2	3	1	4	2	1	2	3	3	3	2	2	2	2	3	3
373	20	Female	R	4	2	3	4	2	5	5	5	4	5	4	3	2	1	1	2	1	1	5	2	1	2	1	4	3	2	1	1	5	2	3	2	4	1	3	2
374	22	Male	R	4	1	1	4	2	5	5	5	4	5	2	5	2	1	1	4	1	2	5	1	1	2	1	4	4	1	1	3	5	2	1	1	3	1	3	2
375	20	Female	R	2	1	4	2	5	5	2	4	2	2	2	2	5	5	5	1	4	3	4	2	4	5	5	2	1	2	5	5	4	2	4	3	2	3	1	4
376	23	Female	R	2	1	1	5	2	5	5	5	5	5	2	4	2	2	2	4	2	1	4	1	1	1	1	5	4	1	1	1	4	2	1	1	4	1	2	4
377	21	Male	R	4	1	1	5	2	5	5	5	5	5	4	4	1	1	1	4	1	1	5	2	1	2	1	5	4	1	1	1	5	3	1	1	5	1	5	1
378	22	Female	R	1	4	5	1	5	5	4	5	1	4	3	2	2	3	5	1	5	5	4	2	2	5	4	4	2	3	3	5	4	4	4	3	1	2	1	5
379	21	Female	R	2	1	4	4	4	5	5	2	3	4	4	4	2	1	4	2	3	2	3	4	2	4	4	2	1	3	4	4	3	2	2	1	2	2	1	4
380	19	Female	R	1	1	2	2	5	4	5	4	1	4	5	4	2	4	5	1	4	1	4	2	5	4	4	3	1	3	5	4	5	1	1	2	1	1	1	5
381	19	Female	R	4	1	1	2	4	5	4	4	4	4	5	3	4	2	5	1	3	4	5	5	4	1	1	4	2	2	1	2	5	4	1	1	5	1	2	2
382	20	Male	R	3	1	2	3	4	5	5	5	4	5	3	4	2	3	2	3	2	2	5	2	3	4	1	4	3	3	3	2	5	1	1	1	4	2	2	4
383	20	Male	R	4	1	2	4	2	5	5	5	4	4	5	4	2	2	2	4	2	2	4	2	1	3	1	5	4	2	2	2	5	2	1	2	4	2	2	2
384	18	Female	R	4	2	2	2	2	5	4	4	2	2	5	4	2	3	4	4	2	4	4	2	2	4	1	4	4	2	3	2	4	2	1	1	4	2	2	4
385	19	Female	R	3	4	3	2	4	5	4	5	4	4	4	3	4	2	3	2	3	3	4	2	2	2	2	4	2	3	1	3	3	4	3	3	3	1	4	2
386	19	Female	R	3	1	2	4	2	5	4	5	4	4	2	2	3	1	4	4	2	4	5	2	1	4	1	4	4	1	1	3	5	2	2	2	2	3	1	2
387	22	Female	R	1	4	5	1	5	5	5	2	1	2	2	1	4	5	5	1	5	4	2	5	5	4	5	2	1	5	5	5	2	5	4	3	2	5	2	5
388	21	Male	R	4	1	2	2	2	5	5	5	4	4	4	2	2	2	2	2	3	1	4	2	2	3	2	4	2	2	1	1	4	1	2	1	4	1	2	2
389	19	Female	L	4	1	1	4	2	4	4	5	4	4	5	2	4	1	4	3	2	4	5	1	2	4	1	4	1	1	1	1	4	1	1	1	5	1	4	2
390	19	Female	R	3	1	2	4	2	5	5	4	4	4	3	3	2	2	2	3	3	1	4	1	1	2	1	4	2	1	1	1	5	2	1	1	4	1	3	1
391	19	Male	R	1	1	2	2	4	5	5	5	2	4	5	4	1	1	5	1	4	2	2	4	4	4	2	3	1	3	1	3	5	4	2	2	3	4	1	5
392	20	Female	R	4	1	2	4	4	5	5	5	4	4	4	4	2	3	4	2	2	5	5	3	2	3	1	4	2	2	4	3	2	2	2	3	2	1	2	3
393	19	Female	R	5	1	1	5	4	5	4	4	5	4	5	5	1	1	2	4	2	3	5	2	1	2	1	4	2	2	1	1	4	2	2	1	3	1	2	4
394	28	Male	R	2	1	2	2	1	5	4	5	2	4	2	4	1	1	2	2	3	2	5	2	1	2	1	4	3	1	1	1	2	1	1	1	4	1	1	1
395	21	Male	R	2	1	1	4	2	5	4	5	3	5	1	4	2	2	3	2	2	2	3	3	2	2	1	4	3	2	2	2	5	2	1	1	4	1	3	2
396	18	Male	R	2	1	3	2	4	5	4	4	2	4	4	4	2	2	5	2	3	2	5	2	1	2	1	3	2	2	1	3	4	2	1	1	2	1	2	1
397	21	Female	R	2	2	3	4	3	5	4	5	2	3	5	4	3	3	4	2	4	3	4	3	2	4	1	4	2	2	2	4	5	1	1	2	4	1	4	4
398	20	Male	R	4	1	2	5	2	5	4	4	3	4	2	5	1	1	2	4	2	3	5	2	1	2	3	4	2	3	1	1	4	1	3	1	4	1	3	1
399	20	Female	R	1	1	4	2	4	5	5	5	2	4	4	3	2	2	5	1	4	2	4	5	4	4	4	3	1	3	4	4	5	4	2	2	4	2	2	2
400	25	Female	R	4	1	1	5	1	5	5	5	5	5	2	4	3	1	1	4	2	1	5	1	1	1	1	5	2	1	1	1	4	1	1	1	5	1	4	1
401	22	Female	R	4	4	2	4	2	5	5	5	4	5	2	2	2	1	3	4	2	1	4	2	2	3	1	4	4	2	1	2	5	1	1	1	4	1	4	2
402	21	Female	R	5	1	2	3	3	5	4	4	3	4	3	4	1	1	2	3	2	2	4	2	4	2	1	4	3	2	2	1	4	3	1	2	4	1	1	2
403	24	Male	R	2	2	5	5	1	5	4	5	4	5	2	2	2	2	4	4	2	2	4	4	1	2	1	5	4	1	2	2	4	1	1	1	4	1	1	4
404	20	Male	R	2	2	3	4	2	5	4	4	3	5	4	4	4	4	4	2	4	5	4	3	2	2	2	4	3	2	2	2	5	2	2	2	4	2	2	3
405	20	Male	R	2	2	3	3	3	5	5	5	2	5	2	4	2	1	3	3	3	2	5	4	4	2	2	3	2	4	1	3	4	4	2	1	3	2	2	2
406	21	Male	R	1	1	4	2	4	5	4	5	4	5	4	5	2	1	4	1	4	1	4	4	1	3	2	3	2	1	3	3	3	1	1	1	2	1	2	1
407	23	Male	R	3	1	2	2	2	5	2	4	4	4	4	4	2	2	2	2	3	3	4	2	2	3	2	3	3	2	2	2	4	2	2	1	2	2	3	2
408	22	Female	L	4	1	2	4	2	5	5	4	4	4	2	3	1	1	2	3	3	2	4	2	2	2	1	3	3	1	1	2	5	2	2	1	4	2	3	1
409	22	Male	R	4	1	1	4	2	5	5	4	4	2	4	1	3	3	4	4	3	4	4	3	2	4	1	4	2	3	2	4	2	2	1	2	2	4	2	4
410	23	Female	R	5	1	1	4	3	5	5	5	4	5	5	4	1	1	2	2	2	1	5	2	2	4	1	4	2	4	1	2	4	1	1	1	4	1	2	4
411	19	Female	R	4	1	4	3	4	5	4	5	4	5	3	5	2	2	4	2	3	2	5	3	4	4	4	4	2	3	4	5	3	4	4	4	2	1	2	4
412	21	Male	R	4	1	1	4	4	5	3	5	4	4	1	5	2	1	4	3	2	1	5	1	1	2	1	5	3	1	1	1	4	1	1	1	5	1	2	2
413	20	Male	R	2	1	4	3	4	5	5	5	2	4	4	4	2	2	4	1	4	2	4	2	4	2	3	2	2	2	2	3	5	2	3	2	3	2	2	4
414	22	Male	R	2	1	4	4	2	5	4	4	4	4	4	4	4	3	3	2	2	2	3	2	2	2	2	3	2	3	2	3	4	3	2	2	4	1	2	4
415	20	Male	R	4	2	2	4	2	5	4	5	4	5	2	5	2	1	4	4	2	3	5	3	2	2	2	4	3	2	2	2	5	2	2	2	4	2	2	2
416	22	Male	R	4	1	1	4	2	5	2	5	5	4	1	4	2	1	3	4	2	1	5	1	1	2	1	4	4	2	1	1	5	1	1	1	5	1	4	2
417	22	Female	R	3	1	1	4	2	5	5	5	4	4	5	4	2	1	2	3	1	2	5	1	2	2	1	4	4	1	1	1	4	2	1	1	4	1	2	1
418	21	Female	R	4	1	4	4	4	3	4	5	5	4	5	3	4	4	4	2	2	1	4	5	4	4	1	2	1	4	4	4	5	4	1	2	1	2	2	4
419	23	Male	L	5	1	1	4	1	5	5	5	4	4	2	3	2	1	2	3	3	4	4	2	1	2	2	4	3	1	1	1	5	1	1	3	4	1	3	2
420	24	Male	R	4	1	2	5	2	5	4	2	4	5	4	5	2	1	4	2	3	1	5	1	1	1	1	4	2	2	1	1	5	1	1	1	4	1	4	4
421	22	Female	L	4	1	2	5	2	5	4	5	2	4	2	4	2	2	2	3	2	1	5	4	2	2	1	5	2	2	2	2	5	4	2	3	4	2	4	2
422	20	Female	R	1	1	5	2	5	5	4	4	1	4	1	2	4	3	5	1	5	3	2	5	4	5	4	2	1	5	4	4	5	5	2	4	1	2	1	5
423	22	Male	R	4	1	1	5	1	5	5	5	5	5	2	5	2	1	2	5	2	2	5	1	1	1	1	5	5	1	1	1	5	1	1	1	5	1	4	1
424	21	Female	R	2	1	2	4	4	5	4	4	4	4	4	4	2	2	2	2	3	2	4	2	2	2	2	3	2	2	4	3	5	2	2	2	2	4	4	2
425	21	Male	R	2	1	4	4	2	5	5	2	1	4	2	3	2	2	4	3	5	3	4	1	1	5	1	4	2	1	2	2	5	1	2	3	2	1	2	5
426	18	Female	R	4	2	2	5	2	4	4	5	4	4	5	4	2	4	2	4	3	2	4	2	2	2	2	4	3	2	2	2	4	4	2	1	4	1	2	2
427	21	Male	R	2	1	1	4	1	5	2	5	4	2	4	4	1	1	1	4	3	1	4	1	1	1	1	3	2	1	1	1	5	1	1	1	5	1	3	1
428	18	Male	R	2	2	4	2	5	4	2	4	3	2	4	1	3	4	2	2	4	2	4	4	3	4	3	4	1	4	5	5	4	4	2	4	2	4	1	5
429	20	Female	L	3	2	2	3	2	5	5	5	4	4	4	4	2	2	4	2	3	2	4	2	2	4	2	3	2	5	2	3	3	2	2	2	4	2	2	4
430	23	Male	R	3	2	1	2	2	3	4	5	4	2	5	3	4	4	4	3	4	3	4	4	1	3	3	4	4	4	3	4	4	3	4	4	4	3	3	4
431	19	Female	R	4	1	1	5	2	5	5	3	2	4	4	4	3	2	2	4	2	3	4	2	2	2	1	2	2	2	1	2	2	2	2	1	3	2	2	3
432	21	Male	R	4	4	4	2	2	3	5	3	2	4	2	4	2	2	4	1	4	4	2	4	5	2	4	2	2	2	3	4	4	2	2	2	3	2	3	3
433	24	Female	R	4	4	5	5	1	5	2	4	2	5	4	5	4	1	4	2	4	2	5	2	4	4	2	2	2	2	3	3	4	2	4	4	4	1	2	5
434	19	Male	R	4	1	1	4	2	5	4	4	4	4	4	2	4	2	2	2	2	2	4	2	2	4	2	4	4	2	2	2	4	2	2	2	4	2	4	4
435	22	Male	R	4	1	1	4	2	5	2	2	4	4	2	4	2	1	4	4	2	1	5	2	2	2	1	2	2	2	2	2	4	1	1	1	5	1	1	2
436	22	Female	R	1	1	2	4	2	5	5	5	2	5	5	4	2	1	5	1	3	1	5	2	2	1	1	5	2	1	1	2	4	2	1	1	4	4	2	2
437	23	Male	R	2	1	3	3	4	5	4	4	2	4	2	2	2	1	4	3	2	2	4	4	1	4	2	4	2	3	1	3	4	1	3	2	4	1	3	2
438	18	Male	L	3	1	2	5	3	5	4	5	5	4	3	3	4	2	3	4	2	4	4	2	1	2	2	4	4	2	2	2	3	4	2	1	3	1	3	2
439	19	Female	L	2	1	4	2	2	5	4	5	4	5	5	4	1	1	5	1	4	4	5	4	3	2	2	4	1	1	4	5	5	1	4	2	3	2	4	4
440	21	Male	L	5	1	1	5	2	5	5	5	4	5	4	5	2	1	2	4	1	1	5	2	2	1	1	4	3	2	1	1	5	1	1	1	4	1	2	1
441	22	Female	R	2	3	4	3	3	4	4	4	2	3	4	2	2	2	5	2	4	4	4	5	3	4	3	3	2	4	3	3	2	3	4	3	2	3	1	4
442	24	Male	L	2	1	4	2	4	5	2	5	4	3	5	3	4	1	4	1	4	3	4	2	2	4	1	4	1	4	2	3	2	4	2	1	2	2	1	4
443	18	Female	L	1	2	5	1	4	5	5	4	1	4	2	1	4	1	5	1	5	2	4	4	4	5	5	1	1	2	4	5	4	4	3	3	1	5	1	4
444	19	Male	R	4	1	1	4	2	5	5	5	4	5	4	4	2	1	2	4	1	2	4	1	1	3	1	5	5	2	1	1	4	2	1	1	5	4	2	2
445	21	Female	R	2	1	2	3	2	5	5	5	4	4	1	4	2	1	4	2	2	1	4	1	1	3	1	4	2	1	1	1	5	1	1	1	5	1	3	2
446	22	Female	R	2	4	3	2	2	5	5	5	4	5	4	4	2	1	1	2	4	1	4	1	3	4	1	4	2	3	1	2	5	4	3	2	2	1	2	2
447	25	Female	R	3	1	4	4	2	4	5	5	3	3	2	4	2	2	4	2	4	2	5	2	3	4	3	3	2	3	2	3	3	2	2	2	2	2	2	4
448	20	Male	R	4	2	2	4	2	5	4	4	4	2	4	4	2	2	2	4	2	2	4	2	2	2	2	4	2	2	2	2	4	2	2	2	4	2	2	2
449	20	Female	R	1	2	4	1	4	5	4	4	2	2	4	3	2	2	5	2	3	2	4	4	4	5	3	1	1	4	2	4	3	5	4	2	1	2	1	5
450	20	Female	R	4	2	4	2	4	5	5	5	2	4	1	4	2	1	5	2	4	1	5	3	2	1	1	4	1	1	1	4	5	2	1	1	4	1	2	1
451	22	Female	R	2	5	2	4	4	5	2	5	2	1	4	2	4	4	1	2	2	1	4	2	4	4	1	1	1	4	4	4	5	1	2	2	1	4	1	4
452	22	Male	R	5	1	2	4	4	5	2	5	2	4	4	5	4	1	5	1	4	1	4	4	1	3	4	4	2	1	2	4	5	2	3	3	4	2	1	4
453	21	Male	R	2	1	4	5	3	5	5	5	2	4	2	5	4	2	4	2	3	1	5	1	2	3	1	5	4	1	1	1	5	2	1	1	4	1	2	2
454	23	Male	R	1	1	1	2	4	3	4	1	1	3	2	2	3	3	3	3	2	4	3	3	5	4	4	3	2	1	2	3	2	5	3	2	2	2	2	2
455	21	Male	R	3	1	2	4	2	5	4	5	3	4	2	4	3	2	2	3	2	2	4	1	1	2	1	4	3	2	1	2	5	1	2	2	4	1	3	2
456	19	Female	R	4	1	2	4	2	5	4	5	4	5	4	4	3	2	4	3	2	2	3	3	4	2	2	2	3	3	3	2	4	2	2	2	3	1	2	4
457	19	Female	R	4	1	2	4	1	5	5	4	2	4	5	2	1	1	5	2	4	1	5	2	1	4	1	4	1	3	1	2	5	1	1	1	5	1	4	2
458	20	Male	R	4	2	2	4	2	5	4	4	4	4	5	4	4	3	2	4	2	2	4	2	2	2	1	4	4	2	2	2	4	2	2	2	4	2	4	4
459	21	Male	R	4	1	4	1	4	5	2	5	4	2	1	1	5	1	2	1	4	3	5	5	4	4	5	2	1	2	1	4	5	1	2	4	2	1	2	4
460	21	Female	L	2	1	2	5	1	5	5	5	2	4	5	4	4	1	4	1	2	1	4	4	2	4	2	4	1	1	1	4	5	1	1	1	1	2	2	1
461	18	Male	R	2	1	4	2	4	5	5	5	2	2	1	1	1	4	5	1	5	1	4	4	4	4	5	1	2	2	4	4	2	4	5	2	2	4	2	5
462	23	Male	R	2	1	2	4	1	1	3	5	3	4	2	4	3	1	2	4	3	2	5	1	1	2	1	3	4	1	1	2	5	4	1	1	4	1	4	1
463	19	Female	L	4	1	2	4	2	5	5	5	5	4	1	4	2	1	4	2	3	1	5	4	2	2	1	5	2	2	2	1	5	2	1	1	4	1	4	2
464	20	Male	R	2	1	1	5	2	5	4	5	2	3	5	4	3	2	2	4	1	2	4	1	2	4	1	4	5	2	2	2	5	2	1	1	2	1	2	4
465	20	Male	R	4	2	2	4	2	5	3	5	4	4	3	4	2	1	2	4	3	2	5	3	1	4	1	4	2	2	1	3	5	1	2	1	3	2	2	4
466	23	Male	R	2	2	3	3	2	5	4	4	2	5	4	5	1	3	4	4	2	2	2	3	3	3	2	2	2	2	4	4	5	2	2	2	3	4	3	4
467	21	Male	R	2	1	5	2	4	5	5	4	4	5	5	2	2	1	4	2	4	2	4	5	2	5	4	2	3	2	1	4	3	5	2	4	1	4	1	4
468	25	Male	R	1	1	3	2	4	5	1	5	3	4	1	5	2	1	5	2	4	1	5	4	2	4	1	3	3	4	4	1	5	4	1	1	2	1	2	2
469	18	Male	R	5	1	2	5	2	5	3	5	5	3	4	4	2	1	3	4	2	1	5	1	2	5	2	5	3	3	2	2	4	2	1	1	2	3	2	4
470	22	Female	R	2	1	3	2	4	5	5	5	3	3	5	3	1	1	3	2	4	1	3	4	2	1	1	3	1	1	1	3	5	1	3	1	3	1	3	3
471	21	Male	R	5	3	3	4	3	5	5	3	5	3	2	2	2	2	2	4	3	2	4	2	2	2	1	2	4	4	2	2	2	1	2	3	4	2	4	2
472	19	Male	R	4	2	1	4	2	5	5	5	4	4	2	4	2	2	1	3	2	4	5	2	1	2	1	5	2	2	2	2	5	1	1	2	4	2	4	2
473	19	Female	R	2	1	2	5	1	5	5	5	4	5	5	2	4	1	1	4	2	4	5	2	1	2	1	4	3	1	1	1	5	1	1	1	2	1	2	1
474	21	Male	R	4	2	1	5	1	5	5	5	5	4	4	4	2	1	2	4	1	1	4	1	1	2	1	5	3	2	1	2	4	1	1	1	3	1	2	2
475	19	Male	L	4	1	2	4	2	5	4	4	2	4	5	2	4	1	2	3	2	1	4	2	2	2	2	3	1	2	2	2	3	2	1	1	4	2	2	2
476	19	Male	R	3	1	2	2	4	5	4	5	3	2	4	4	3	2	2	4	2	3	5	3	2	4	2	5	5	2	1	2	3	2	2	2	4	2	2	4
477	19	Male	R	2	2	3	3	4	5	5	4	1	4	5	1	5	1	5	2	3	1	4	1	1	1	2	2	1	3	3	2	5	1	1	1	2	1	1	2
478	20	Male	R	2	4	4	2	4	5	2	2	2	4	5	4	2	2	4	2	4	3	4	2	3	5	2	2	3	4	4	4	2	4	4	2	2	2	1	4
479	19	Male	R	3	1	2	4	2	5	4	5	4	5	4	4	2	3	2	4	2	1	5	2	2	2	1	4	4	2	1	2	5	1	1	1	5	1	4	2
480	23	Male	R	5	1	2	4	2	5	4	5	4	4	2	3	3	2	2	4	2	1	5	1	2	2	1	2	4	1	2	2	3	1	1	1	4	1	4	2
481	20	Male	R	3	1	3	4	4	5	5	5	5	4	2	2	3	2	3	2	3	2	3	2	2	3	1	3	2	3	2	4	3	4	1	1	4	1	2	2
482	22	Male	R	2	1	3	5	4	5	5	5	2	5	4	4	3	1	4	2	4	1	5	3	2	4	3	2	1	2	1	3	5	1	1	2	2	1	2	2
483	22	Male	R	2	2	4	4	4	4	5	4	3	3	1	3	3	2	4	1	4	3	4	4	2	4	2	3	1	4	3	4	4	3	3	5	2	2	2	5
484	22	Female	R	2	1	1	4	1	5	4	4	5	5	4	4	2	1	2	3	3	2	5	1	1	1	1	4	4	1	2	2	5	4	1	1	4	3	2	2
485	19	Female	R	5	1	1	4	2	5	5	5	5	5	2	5	2	1	2	4	2	1	5	2	1	2	1	5	4	2	2	1	5	1	1	1	5	1	4	2
486	19	Female	R	5	1	4	2	4	5	4	5	5	5	5	4	2	2	5	2	4	4	4	4	2	1	2	4	1	2	4	4	2	4	2	4	4	3	4	2
487	21	Female	R	2	1	2	3	2	3	4	5	4	4	2	3	2	4	2	3	2	3	4	3	2	3	1	3	1	2	3	3	2	2	2	4	2	3	4	4
488	20	Male	R	3	2	3	3	3	4	4	4	3	4	3	4	3	2	3	3	3	3	4	2	3	4	3	3	3	3	3	3	4	3	3	3	3	3	3	3
489	20	Female	R	2	1	2	3	2	5	5	5	4	3	5	3	3	2	2	2	3	1	4	1	2	3	1	4	3	4	1	1	3	1	1	1	3	1	2	4
490	18	Female	R	3	1	3	3	2	5	5	2	3	4	5	1	2	3	2	2	3	4	5	3	2	4	3	2	1	2	1	1	4	3	1	1	3	2	5	2
491	19	Male	R	2	2	3	4	5	5	5	4	4	4	3	3	4	1	4	2	4	3	4	4	2	4	4	3	2	2	1	4	4	4	2	4	2	2	3	4
492	21	Female	R	2	1	1	4	2	5	4	4	5	4	4	2	2	3	2	4	2	2	3	2	2	2	1	4	3	2	2	2	4	4	2	2	3	1	4	2
493	23	Male	R	2	1	3	5	2	5	5	5	4	5	1	5	2	1	4	2	3	1	5	3	1	2	2	4	3	1	1	2	5	1	1	2	4	1	2	1
494	22	Male	R	2	2	3	2	4	4	4	5	4	4	4	4	2	2	2	4	3	4	4	2	2	2	2	4	2	2	2	2	3	2	2	2	2	2	4	2
495	18	Female	R	4	1	2	4	4	5	5	5	4	4	4	3	2	2	2	3	3	2	4	2	2	2	1	4	2	2	2	1	4	2	1	2	4	1	4	2
496	25	Male	R	2	2	4	2	4	5	4	4	3	4	4	4	2	4	4	2	3	2	4	2	2	2	1	3	2	2	2	3	4	4	2	2	2	2	4	2
497	24	Female	R	5	1	1	4	2	5	5	5	5	4	2	5	2	1	1	5	2	1	5	1	1	2	1	5	4	2	2	2	5	1	1	2	5	1	3	2
498	21	Male	R	2	1	2	5	3	5	4	5	2	2	2	5	2	1	2	4	2	1	4	2	1	2	1	5	3	2	2	5	3	1	1	1	4	1	2	2
499	23	Male	R	3	1	4	4	3	5	2	2	2	4	5	2	4	3	3	2	4	2	4	4	2	4	3	2	3	3	2	3	4	3	2	2	2	2	2	2
500	23	Male	R	4	2	2	4	2	5	4	4	4	5	3	4	2	2	2	4	2	2	5	2	1	2	1	4	4	1	2	2	3	2	2	2	4	1	4	2
501	20	Female	R	4	1	2	4	2	5	3	5	5	5	5	4	2	1	4	3	2	1	5	1	1	2	1	4	2	2	1	1	5	1	1	1	4	1	3	2
502	19	Male	R	2	1	5	2	5	5	4	5	4	4	2	5	5	3	5	1	5	3	3	5	4	5	3	4	2	4	5	5	3	4	3	5	4	1	2	3
503	21	Female	R	4	1	2	5	2	5	5	5	3	5	2	4	2	1	2	4	2	2	4	1	1	2	2	4	5	2	1	1	5	2	1	1	4	1	3	1
504	19	Male	R	4	1	5	2	5	5	5	5	5	5	1	1	4	2	5	1	4	2	5	2	1	1	5	4	1	1	3	4	5	1	2	1	5	1	1	1
505	21	Male	R	4	1	3	4	2	5	2	5	5	3	4	2	2	1	4	2	3	1	4	2	3	4	1	3	3	2	1	2	3	2	1	1	3	2	2	4
506	22	Female	R	2	1	3	5	2	5	5	5	3	5	5	3	1	1	4	2	3	1	4	4	1	3	3	2	2	2	1	3	5	1	1	1	2	3	2	2
507	22	Female	R	4	1	4	4	4	5	5	5	4	4	4	3	2	2	2	2	2	2	3	2	2	4	3	4	2	2	2	2	4	2	1	2	4	2	3	4
508	25	Female	R	5	1	1	5	2	5	5	5	5	5	2	5	2	1	4	2	4	2	4	2	1	2	4	3	2	1	2	3	5	1	2	3	5	1	5	2
509	20	Male	R	4	1	3	2	4	4	4	5	4	5	4	4	4	2	5	2	3	2	4	4	5	4	2	4	1	2	2	2	4	4	3	1	2	2	2	4
510	19	Male	R	1	4	5	1	4	2	4	2	2	3	2	3	3	4	5	2	4	3	3	3	4	4	3	2	2	4	4	4	2	4	3	4	1	2	1	4
511	20	Male	R	2	2	4	2	4	5	5	5	2	5	2	4	2	1	4	2	2	1	4	2	2	2	1	5	2	2	1	3	4	2	2	2	4	2	3	2
512	20	Male	R	4	1	3	3	2	5	4	5	3	4	2	2	3	1	3	2	4	1	4	2	2	4	1	3	3	1	1	1	4	1	1	1	2	1	2	3
513	21	Male	R	2	1	2	4	4	1	5	5	2	4	2	2	2	4	2	3	3	4	5	4	2	2	4	4	5	2	4	2	5	2	1	2	2	2	1	3
514	22	Female	R	4	1	2	4	4	5	5	5	4	3	4	2	2	1	2	4	2	2	5	2	2	2	1	4	4	1	1	2	4	1	1	1	4	1	3	2
515	18	Female	R	4	1	3	4	4	5	2	4	3	4	5	2	2	3	4	4	2	3	4	3	3	4	1	3	4	2	2	2	3	2	1	2	3	4	2	3
516	23	Male	R	4	2	5	2	5	1	2	4	3	5	4	5	5	2	5	1	5	4	5	4	4	3	5	3	2	1	2	5	4	2	5	4	2	5	2	3
517	23	Male	R	3	1	2	5	2	5	5	5	4	5	2	3	3	2	4	1	4	2	3	2	2	2	4	3	1	2	2	2	5	2	3	1	4	1	4	2
518	23	Female	R	2	1	3	2	2	5	5	5	3	5	2	4	1	1	2	2	3	1	4	3	2	2	1	3	3	2	1	3	5	1	1	1	4	1	2	4
519	19	Female	R	3	1	2	3	4	5	5	5	4	4	4	3	2	3	3	2	3	3	4	2	2	2	1	4	2	2	2	3	4	2	1	1	3	1	4	2
520	20	Female	R	1	2	4	2	5	5	4	2	2	2	2	2	4	3	5	1	5	1	4	4	4	4	3	2	2	2	1	2	5	4	3	3	3	1	1	4
521	22	Female	R	2	1	3	4	4	5	4	3	2	5	4	2	2	2	4	1	4	2	4	4	3	3	2	2	2	4	3	4	2	4	3	5	2	1	2	4
522	22	Female	R	4	4	2	4	4	5	4	2	3	5	5	3	4	2	2	2	4	2	4	4	4	2	5	2	1	3	2	4	3	2	3	2	2	4	2	5
523	23	Female	R	2	2	2	4	2	5	4	5	2	4	4	4	4	1	2	4	3	2	4	2	2	2	1	4	4	2	1	2	4	2	2	1	4	1	3	2
524	19	Female	R	4	5	1	4	2	5	5	5	4	5	2	5	1	1	2	4	1	1	5	1	1	1	1	5	2	1	1	1	5	1	1	1	5	1	4	1
525	21	Female	R	4	1	1	4	2	5	5	5	4	5	3	4	2	2	3	4	2	1	4	3	1	2	2	4	3	1	2	1	5	1	1	1	4	1	3	1
526	19	Male	R	4	1	1	4	2	5	5	5	4	5	2	2	2	2	2	4	2	2	5	2	1	2	1	5	4	1	1	2	5	1	1	1	5	1	3	4
527	21	Female	R	4	3	1	4	4	5	5	5	4	5	3	4	3	2	2	4	2	3	4	2	2	2	1	4	4	2	2	2	3	3	2	2	4	2	3	3
528	19	Female	R	4	1	2	4	2	5	4	4	4	3	4	3	2	2	4	3	2	2	4	2	2	2	2	4	4	2	2	2	5	2	2	1	4	2	2	2
529	21	Male	L	5	1	1	5	4	5	5	4	4	5	3	4	1	2	4	5	1	3	4	1	1	3	1	4	1	3	1	1	5	1	1	1	4	2	3	4
530	19	Female	R	4	1	1	5	2	5	5	5	4	5	3	4	1	1	2	4	2	1	5	2	1	3	1	5	3	2	1	1	4	2	1	1	4	1	3	1
531	21	Female	R	3	1	1	4	2	5	5	5	4	4	3	3	2	2	1	3	2	1	3	4	1	1	1	5	3	3	1	1	5	1	1	1	5	3	4	2
532	23	Male	R	2	3	4	2	4	5	4	2	2	4	2	4	2	4	5	2	4	3	4	5	2	4	4	2	2	5	4	4	5	4	4	4	2	4	3	5
533	18	Female	R	4	3	3	4	4	5	4	5	5	5	5	2	2	3	2	4	2	2	4	1	4	4	1	1	2	2	3	2	2	4	3	1	3	2	4	1
534	19	Male	R	4	1	1	2	4	5	5	4	4	4	1	4	2	1	1	3	1	1	5	4	2	2	1	4	2	1	1	1	5	1	1	1	4	1	2	4
535	18	Female	R	2	2	2	4	2	5	4	4	2	4	4	2	4	3	4	1	4	2	4	4	4	4	4	2	2	3	3	3	4	4	4	2	3	1	2	2
536	22	Female	R	2	2	4	2	4	5	4	4	3	3	4	4	2	2	4	2	4	3	4	2	3	4	4	2	2	4	4	4	3	4	4	3	2	3	2	4
537	24	Female	R	2	3	5	3	4	4	4	4	2	3	4	1	4	4	2	2	4	4	3	4	4	4	4	3	2	2	3	4	2	4	4	3	3	4	2	3
538	23	Male	R	4	1	2	4	2	5	4	5	4	4	2	3	2	2	2	4	3	2	5	2	2	1	1	4	4	2	1	2	4	2	1	2	3	1	4	2
539	21	Female	R	4	1	2	3	2	5	5	5	5	5	2	4	1	1	1	3	1	1	5	1	2	1	1	5	2	1	1	3	5	2	1	1	5	1	2	1
540	23	Male	R	5	1	1	5	2	5	2	5	4	4	2	3	2	1	2	4	2	1	4	1	1	1	1	5	3	1	1	1	4	1	1	1	5	1	4	1
541	23	Female	R	4	1	1	4	1	5	4	4	4	4	2	4	3	1	1	3	2	1	4	2	2	4	1	5	3	2	1	1	4	1	1	1	3	1	3	2
542	20	Female	R	2	1	2	4	2	5	1	4	4	5	5	3	1	1	1	3	2	1	5	1	1	2	1	3	3	1	1	1	5	1	1	1	5	1	2	1
543	22	Female	R	4	1	1	4	1	5	5	5	4	2	2	5	2	2	4	4	2	1	4	1	1	1	1	4	4	1	1	2	5	2	1	1	4	1	4	1
544	19	Female	R	2	1	4	4	5	5	5	4	2	5	3	2	3	1	5	1	4	1	5	3	4	2	4	4	1	2	1	4	5	3	4	4	4	4	2	4
545	20	Female	R	4	1	4	5	4	5	5	5	5	5	4	5	2	1	2	2	4	1	5	2	1	1	1	5	5	1	1	1	5	2	1	1	4	1	2	4
546	20	Male	R	4	1	1	3	2	5	3	2	4	3	1	4	3	1	4	5	1	1	3	2	1	1	1	2	5	1	1	1	2	1	4	1	2	1	1	3
547	20	Female	R	2	1	4	2	4	5	4	4	2	5	5	2	4	1	5	2	4	2	4	5	2	4	1	3	1	2	4	4	5	3	2	3	4	1	4	4
548	21	Male	R	4	1	1	4	2	5	5	5	4	5	3	4	2	1	2	4	1	2	4	1	1	1	1	5	4	1	1	1	4	1	1	1	5	1	2	1
549	23	Male	R	2	1	1	4	2	5	4	3	3	4	2	3	3	1	2	3	2	2	4	2	2	3	1	2	2	2	1	4	5	1	1	3	4	1	4	2
550	22	Female	R	2	1	2	2	2	5	5	4	2	4	5	2	3	1	4	1	3	4	4	2	2	1	1	2	1	1	1	2	4	1	1	1	4	3	2	1
551	21	Female	R	1	1	3	2	4	5	4	5	1	2	5	3	4	1	5	1	3	1	4	2	2	4	1	4	1	4	2	3	5	2	1	1	1	1	1	4
552	22	Female	L	4	1	1	5	1	5	5	2	5	4	4	5	2	1	1	5	1	4	5	1	1	1	1	2	5	1	2	1	4	1	1	1	5	1	4	1
553	19	Female	R	4	1	3	4	2	5	4	5	4	5	5	4	2	2	2	2	2	1	4	2	1	2	2	3	2	2	1	2	4	5	1	2	4	1	2	2
554	29	Male	R	3	4	1	4	2	5	5	4	4	5	4	5	2	1	4	2	3	2	5	4	2	2	3	3	2	2	2	3	5	3	1	2	4	1	4	4
555	19	Male	R	4	1	3	4	2	5	3	5	4	3	2	4	3	2	2	4	1	1	4	2	3	2	1	4	2	3	1	1	5	1	1	1	4	1	4	2
556	24	Female	R	5	1	1	5	1	5	5	5	5	5	4	4	2	1	2	4	2	4	4	2	1	1	1	5	4	2	2	2	4	1	1	1	5	1	4	1
557	20	Male	R	1	1	2	4	2	5	5	5	2	4	4	2	4	2	2	2	2	1	4	2	1	4	1	5	1	1	1	2	3	1	1	1	3	2	2	3
558	24	Male	R	4	2	4	2	4	5	4	4	4	4	5	4	2	2	4	2	4	4	4	2	2	2	2	1	1	2	1	4	5	4	2	2	2	2	1	2
559	21	Male	R	4	1	2	2	2	5	5	4	4	5	4	4	2	2	1	3	1	1	5	2	1	2	1	4	3	1	1	1	4	1	1	1	4	1	4	2
560	21	Male	R	3	2	3	4	2	5	2	5	3	4	2	2	2	2	2	3	2	1	5	2	1	2	1	3	5	2	1	2	4	1	1	1	2	1	2	1
561	19	Male	R	2	2	4	2	3	5	4	2	1	2	2	3	5	2	4	2	3	3	2	2	2	4	2	3	2	3	2	3	3	1	2	1	5	2	1	4
562	19	Male	L	2	2	4	4	1	5	4	5	5	5	2	4	2	1	4	3	2	1	5	2	2	2	1	5	4	2	4	4	5	2	1	1	4	1	2	4
563	22	Male	R	2	2	2	4	3	5	2	4	3	4	4	4	3	1	2	4	2	2	4	2	2	2	1	3	3	2	1	2	4	3	1	1	4	1	2	2
564	20	Male	R	3	1	3	3	3	5	4	4	3	4	4	2	3	2	2	2	3	3	5	2	2	3	2	3	2	3	3	3	4	2	2	1	3	1	2	2
565	20	Male	R	4	1	1	5	2	5	5	5	4	4	2	4	2	1	2	5	2	1	5	2	1	2	1	5	5	1	1	1	4	2	1	1	5	1	4	1
566	26	Female	R	5	1	1	5	1	5	5	5	5	5	4	4	2	1	1	4	1	1	4	2	1	1	1	5	3	1	1	2	5	1	1	1	5	1	4	2
567	22	Female	R	2	1	1	4	2	5	5	5	5	5	2	4	1	1	2	5	1	1	5	1	1	1	1	4	4	1	1	1	5	2	1	1	4	1	5	1
568	19	Male	L	4	5	4	4	3	5	5	5	4	4	2	2	4	1	2	4	2	1	5	1	2	4	1	4	2	2	2	2	5	2	4	1	4	1	4	4
569	20	Male	R	2	1	4	4	4	5	5	2	2	3	1	5	1	1	2	3	4	1	5	5	1	1	1	3	1	3	2	1	2	4	2	2	4	1	2	2
570	20	Female	R	4	3	3	4	4	5	5	5	2	5	5	3	2	3	2	4	2	3	5	2	1	2	2	4	3	2	2	2	4	1	2	1	5	1	2	2
571	19	Female	R	4	1	2	4	2	5	4	4	4	5	5	4	2	1	2	4	2	3	5	1	2	4	1	4	2	1	1	2	4	2	1	1	4	1	4	1
572	22	Female	R	4	2	2	4	2	5	5	5	4	4	4	4	2	1	3	2	2	1	4	1	2	2	1	4	2	1	1	2	4	2	1	1	4	1	3	2
573	21	Female	R	4	1	3	3	3	5	4	5	5	4	4	4	2	1	2	2	3	2	4	2	1	2	1	4	2	2	1	1	4	1	1	1	3	1	2	2
574	20	Female	R	4	1	1	4	2	5	4	5	2	4	1	4	2	2	2	5	2	3	4	2	2	2	2	4	4	2	1	2	4	3	1	1	4	1	2	2
575	19	Male	R	3	1	4	2	4	5	2	4	2	3	4	4	3	2	4	1	5	3	2	4	2	2	2	2	1	4	3	3	2	1	3	2	2	4	1	4
576	22	Male	R	4	2	2	4	2	5	2	5	4	4	2	4	2	2	2	4	2	2	4	2	2	2	2	4	3	2	2	2	4	2	2	1	2	1	4	3
577	21	Female	R	4	1	2	2	4	5	4	4	4	2	5	5	2	1	4	2	4	1	5	4	2	2	2	3	1	1	1	2	5	2	1	1	2	2	4	4
578	19	Male	R	3	1	3	2	4	5	2	2	2	3	3	3	4	2	3	3	3	1	3	2	3	3	1	2	2	1	1	2	2	1	1	1	2	3	2	3
579	22	Male	R	5	2	2	4	3	5	5	5	4	4	2	3	2	1	2	3	2	2	5	2	1	2	1	4	2	2	1	1	5	1	1	1	5	1	4	2
580	20	Female	R	5	1	1	4	1	5	5	5	5	5	4	5	2	1	4	2	2	2	5	4	4	2	2	5	2	2	1	2	4	2	2	2	4	1	2	4
581	27	Male	R	4	1	4	2	4	5	5	2	2	3	3	2	3	1	2	1	4	1	2	4	1	4	1	4	1	1	1	4	4	4	1	2	4	2	2	4
582	19	Female	R	2	1	4	5	4	5	5	5	2	2	5	1	3	2	1	4	2	1	5	2	1	4	2	4	2	1	2	2	2	4	1	1	3	2	1	4
583	23	Male	R	2	1	2	4	4	5	4	4	2	3	3	2	4	2	4	1	4	3	4	2	2	2	2	3	2	3	2	4	4	3	3	3	4	3	2	3
584	21	Female	R	2	2	5	2	4	5	5	4	2	5	5	4	2	2	5	1	5	2	5	4	4	4	2	2	1	4	2	5	4	2	4	2	1	2	3	4
585	22	Male	R	5	1	1	5	1	5	5	5	5	5	1	4	2	1	1	5	2	2	5	1	1	2	1	4	3	1	1	1	1	3	1	3	5	1	4	1
586	19	Female	R	5	1	1	4	2	5	2	4	4	3	4	3	4	3	2	4	2	3	5	3	2	3	2	4	4	2	2	2	5	2	2	2	4	1	2	2
587	24	Female	R	3	1	2	4	3	4	4	5	4	5	2	4	3	1	3	2	2	2	5	3	2	2	1	4	2	2	1	2	5	1	2	2	4	1	4	2
588	23	Female	R	2	1	2	4	4	5	4	5	4	5	4	5	2	2	1	3	1	3	5	1	2	4	1	5	4	1	1	1	5	3	1	1	2	4	2	4
589	25	Female	R	2	1	2	3	5	5	4	5	2	5	5	2	2	1	5	1	4	1	3	5	3	4	1	4	1	1	1	2	2	4	1	1	3	2	2	1
590	21	Male	L	2	1	4	3	1	5	1	5	2	3	4	4	4	4	2	3	2	2	5	3	2	4	2	3	1	1	2	2	4	3	4	1	3	1	3	4
591	18	Female	R	2	1	2	4	2	5	5	5	4	5	4	4	2	1	3	3	2	2	4	2	2	4	2	4	4	3	1	2	3	4	1	1	2	1	2	3
592	22	Female	R	3	1	2	4	3	5	4	4	4	3	4	4	2	2	4	3	3	3	5	2	1	2	2	4	3	2	2	2	5	3	1	2	3	1	4	2
593	20	Female	R	4	1	1	2	4	5	5	5	4	5	2	4	2	1	4	4	2	2	4	2	1	2	1	4	4	2	1	2	4	2	1	1	4	2	3	2
594	22	Male	L	3	1	2	5	2	5	5	5	3	5	4	5	1	1	2	4	1	1	4	4	2	1	1	4	2	2	2	1	5	2	1	1	4	1	2	1
595	21	Male	R	3	1	4	4	4	5	4	5	5	5	4	5	3	1	4	2	4	1	5	4	1	2	2	5	3	2	1	4	5	1	2	3	5	2	3	2
596	20	Male	R	3	1	4	4	3	5	5	5	2	4	4	2	1	2	2	4	4	1	5	1	2	4	1	4	2	2	2	3	5	4	1	1	4	1	2	2
597	20	Female	L	1	3	4	1	5	4	2	2	2	2	5	3	4	4	5	1	4	4	5	5	4	5	4	1	1	5	4	5	3	4	4	3	1	2	1	5
598	22	Female	R	2	1	4	2	5	5	4	4	2	4	5	2	4	2	5	1	5	5	4	5	4	4	5	2	1	2	2	4	4	5	1	4	2	1	1	4
599	18	Male	R	4	2	2	3	4	4	4	5	4	4	3	2	3	3	3	3	2	3	4	4	2	2	2	4	3	2	3	2	4	3	3	2	3	2	2	3
600	22	Female	R	4	1	4	3	3	5	4	4	2	4	4	4	3	3	2	2	4	2	2	4	4	4	2	4	4	2	2	2	4	2	2	2	2	2	2	4
601	22	Male	R	4	1	2	4	3	1	4	4	5	4	3	5	4	2	2	3	3	3	4	2	2	2	2	3	3	3	1	2	5	1	2	2	3	2	4	3
602	22	Male	R	4	1	1	4	1	5	5	5	4	4	2	3	3	1	1	4	2	1	5	2	2	2	1	4	4	1	1	1	5	2	1	1	4	1	3	3
603	19	Male	R	2	4	4	4	5	5	4	3	2	5	1	4	1	1	4	3	2	3	5	4	2	2	1	2	1	4	2	4	5	5	2	1	1	2	1	2
604	21	Female	R	2	1	4	2	4	5	5	2	2	2	5	2	4	2	5	1	4	3	2	4	3	3	1	2	2	4	2	3	4	3	4	3	2	3	1	4
605	25	Female	L	4	2	4	4	2	5	5	5	3	3	4	4	3	2	4	2	4	3	4	4	4	4	4	3	2	4	2	3	4	1	3	3	2	4	2	4
606	21	Male	R	2	4	4	4	4	5	5	5	4	4	2	4	2	4	4	2	1	2	4	4	1	2	1	2	1	2	4	2	5	1	1	1	2	1	5	1
607	21	Female	R	2	1	2	5	1	5	5	5	2	4	2	5	1	1	2	2	3	1	5	2	1	1	1	5	2	1	1	1	5	1	2	1	5	1	3	1
608	20	Female	R	2	2	4	4	4	5	4	4	4	5	4	4	2	2	5	1	4	2	4	4	1	4	3	2	3	4	2	4	5	2	3	3	4	2	2	4
609	21	Male	R	4	1	2	4	2	5	2	5	4	2	5	4	2	1	4	2	2	1	5	5	2	2	2	2	2	2	2	2	5	2	1	1	5	1	2	2
610	24	Female	R	4	3	4	4	4	5	4	5	4	4	4	2	3	3	3	2	4	2	4	4	1	1	2	4	2	1	4	2	5	4	3	3	2	4	2	4
611	22	Male	R	3	1	3	4	2	5	4	5	3	4	2	2	2	1	3	2	3	1	4	3	1	2	1	4	3	1	3	3	4	2	3	2	3	1	2	1
612	22	Male	R	2	1	1	3	2	5	2	5	2	4	5	4	3	1	3	2	3	2	5	2	1	4	1	4	1	2	1	2	4	3	1	1	2	1	1	4
613	21	Female	R	5	1	2	4	2	5	4	5	5	3	5	2	2	2	1	4	2	1	5	2	1	1	1	5	3	1	1	1	4	1	1	1	5	1	3	1
614	22	Male	R	2	2	4	3	4	5	4	4	4	3	2	5	3	2	4	2	4	4	5	4	4	5	2	4	2	3	2	3	4	4	2	2	2	3	1	4
615	22	Male	R	4	1	3	2	4	4	4	4	2	4	2	3	2	2	4	1	4	1	4	3	1	2	3	3	2	4	3	4	4	1	3	2	3	1	2	4
616	22	Female	R	2	1	4	2	4	5	4	2	2	4	2	1	2	2	4	2	4	1	4	2	2	4	1	2	2	2	2	3	4	1	1	1	2	1	2	4
617	19	Male	R	5	1	2	3	4	5	5	5	4	4	2	3	4	2	5	2	4	2	5	4	1	1	4	4	1	4	2	3	4	1	4	3	2	1	3	1
618	21	Male	R	5	1	1	5	1	5	5	5	5	5	2	5	2	1	1	5	1	1	5	1	1	1	1	5	5	1	1	1	5	1	1	1	5	1	3	1
619	22	Male	R	4	1	3	4	1	5	4	4	4	4	3	3	3	2	2	3	2	1	5	2	2	2	1	3	4	1	2	2	4	1	2	1	5	1	4	2
620	20	Female	R	3	3	3	3	3	5	5	5	4	3	2	4	4	2	2	3	3	2	4	2	2	2	3	4	3	2	2	2	3	1	2	2	2	2	2	2
621	22	Female	R	4	1	2	5	2	5	2	5	5	2	4	2	2	1	4	2	2	2	5	4	1	1	1	4	2	1	2	2	4	1	1	1	4	2	1	1
622	19	Male	L	2	1	1	2	4	5	2	5	2	5	5	5	2	2	5	1	4	4	5	4	2	2	1	4	1	2	1	4	1	2	5	2	1	2	1	4
623	24	Male	R	3	1	1	4	3	5	2	3	4	3	5	3	4	1	2	4	2	1	4	2	1	3	1	2	4	2	1	1	3	2	1	1	4	1	2	2
624	20	Female	R	2	1	2	4	2	5	4	5	4	4	2	2	2	2	1	3	2	1	5	2	1	2	1	4	4	1	1	2	3	1	1	2	4	1	2	2
625	21	Female	R	1	1	4	2	4	5	5	5	2	2	4	4	2	1	1	1	4	1	5	2	3	4	1	5	2	2	1	2	5	1	4	2	2	1	2	1
626	23	Female	R	2	1	4	2	5	5	2	2	2	2	4	2	2	2	4	2	4	2	4	2	2	2	2	4	2	2	1	3	5	2	3	2	4	1	3	4
627	19	Female	R	4	1	2	4	2	3	4	4	3	3	4	4	4	2	2	4	2	3	5	2	2	4	1	4	4	2	2	2	4	2	2	2	3	2	3	3
628	20	Male	R	4	2	3	4	1	5	4	5	4	4	3	5	1	1	4	3	3	3	4	2	1	1	1	5	3	2	1	1	5	2	1	1	5	1	3	1
629	18	Male	R	2	2	2	3	4	5	4	5	3	5	2	5	2	3	4	2	3	1	5	2	1	1	3	4	2	3	3	2	5	1	1	1	4	2	3	4
630	20	Male	R	3	1	3	4	2	5	5	5	4	4	2	4	2	1	2	3	2	2	5	2	1	3	1	4	3	1	1	2	4	2	1	1	4	1	4	3
631	22	Male	R	2	4	4	2	5	5	5	2	2	5	4	4	1	2	4	1	4	2	4	4	2	4	1	4	2	3	2	2	4	2	4	2	2	1	4	1
632	19	Female	R	2	1	4	2	4	5	5	4	2	2	5	4	4	3	5	1	4	1	4	4	4	4	3	1	1	1	4	4	2	4	3	2	1	2	3	4
633	20	Female	R	4	1	4	4	2	5	4	5	5	4	5	3	2	1	3	4	2	2	4	3	1	2	1	4	2	1	1	1	4	3	1	1	4	1	2	4
634	20	Female	R	2	2	4	2	4	5	4	5	2	4	5	4	2	2	4	2	4	2	4	2	2	4	4	2	2	4	2	4	4	2	2	2	3	2	2	4
635	21	Male	R	5	1	1	5	1	5	5	5	5	3	1	3	1	1	1	1	3	1	3	1	1	1	1	5	3	1	1	1	5	1	1	1	5	1	3	1
636	22	Female	R	4	1	1	4	2	5	5	5	5	5	2	3	2	1	2	3	2	1	4	2	1	2	1	4	3	1	1	1	5	2	1	1	4	1	4	1
637	20	Female	R	2	1	4	2	4	5	5	5	3	4	4	3	1	2	5	1	5	4	5	5	5	5	4	2	2	4	4	5	5	4	4	4	2	3	3	2
638	21	Male	R	1	2	5	4	4	5	4	4	3	4	2	4	5	4	4	1	5	4	4	5	2	4	2	4	1	4	2	4	4	4	2	3	2	4	2	4
639	23	Male	R	2	1	4	2	4	5	4	4	2	4	4	4	2	2	4	2	2	2	4	4	2	4	1	4	1	4	1	3	2	2	2	2	2	4	2	4
640	23	Female	R	4	1	2	5	4	5	5	4	4	4	4	5	2	2	3	4	3	4	5	2	1	4	1	3	4	2	1	1	5	4	1	1	3	1	5	2
641	21	Male	R	5	1	1	5	1	5	5	5	5	5	4	5	1	1	2	4	1	1	5	2	2	2	1	5	3	1	1	1	5	1	1	1	5	1	4	1
642	23	Male	L	2	1	3	3	4	5	5	5	4	4	2	4	1	1	1	3	2	3	5	1	1	1	1	2	2	2	1	1	5	2	1	1	5	1	4	1
643	21	Female	R	2	1	3	2	4	5	2	2	2	4	5	4	2	2	2	2	2	2	5	4	4	4	3	2	2	4	2	2	4	3	1	2	2	2	2	2
644	23	Female	R	5	1	1	4	2	5	4	5	4	4	4	4	2	2	3	2	4	2	4	2	2	2	1	4	2	1	2	3	4	2	2	2	4	1	3	4
645	22	Female	R	4	2	1	4	3	5	4	5	3	4	5	5	2	2	3	4	2	2	4	2	1	3	1	4	4	2	2	2	4	2	1	2	3	4	4	3
646	22	Male	L	3	1	1	4	2	5	2	4	4	5	2	4	1	1	2	2	2	2	4	1	2	2	1	4	3	1	1	2	4	2	1	1	4	1	4	2
647	18	Male	R	5	1	2	4	4	5	5	5	5	4	4	4	5	3	4	2	3	4	4	3	3	2	1	4	4	2	2	2	4	3	2	2	3	1	1	2
648	22	Female	R	3	5	4	4	2	5	5	3	1	5	4	4	2	1	2	3	3	2	5	1	1	2	1	4	3	1	1	2	4	1	1	1	4	1	3	1
649	18	Female	L	3	1	1	3	3	5	4	4	3	3	3	4	2	2	2	3	3	2	4	2	2	2	1	4	2	2	2	2	3	2	1	2	3	2	2	3
650	22	Female	R	2	1	3	2	4	5	4	4	1	3	5	3	2	3	4	2	3	3	2	3	4	4	4	2	1	3	4	3	2	4	3	3	2	3	2	5
651	19	Female	R	4	1	4	4	2	5	5	5	4	5	5	5	2	3	5	2	3	2	4	3	1	2	4	5	2	2	2	4	4	1	1	2	4	4	3	2
652	22	Female	R	4	1	2	5	2	5	5	5	5	4	4	5	2	1	4	3	2	2	4	2	1	1	1	4	4	1	1	2	5	2	2	1	4	1	2	2
653	22	Female	R	2	1	3	3	4	5	4	5	3	5	4	4	2	1	3	2	2	1	5	2	2	4	1	3	3	2	1	2	4	2	1	1	4	4	2	2
654	21	Male	R	4	2	1	5	2	5	5	5	4	5	2	4	2	2	3	3	2	1	5	2	1	2	1	5	3	2	1	2	5	2	1	1	4	1	3	2
655	22	Female	R	3	1	3	4	3	5	5	5	4	4	3	4	3	2	1	3	3	4	4	2	2	3	1	5	4	3	2	2	4	2	1	1	4	1	3	2
656	20	Male	R	3	2	3	4	3	5	2	5	2	4	2	3	4	2	2	4	2	1	4	2	1	3	1	4	4	2	2	2	3	1	1	1	3	1	2	2
657	19	Male	R	3	3	4	4	4	5	5	5	3	4	4	4	2	2	3	3	3	2	5	3	2	2	2	4	2	3	2	2	4	1	2	1	3	1	3	2
658	18	Female	R	4	1	2	4	2	5	4	5	4	3	5	4	2	2	4	2	4	2	4	2	1	4	2	4	2	2	2	2	5	2	1	2	5	1	2	2
659	23	Male	R	2	2	4	2	4	5	2	3	2	3	5	2	3	3	2	3	5	4	4	3	4	4	2	3	4	1	2	3	3	1	3	4	4	2	3	3
660	21	Male	R	3	1	1	4	1	5	5	5	5	5	3	4	4	1	1	4	2	2	5	1	1	4	1	5	4	1	1	1	5	2	1	1	5	2	2	2
661	25	Male	R	4	1	3	4	2	5	4	3	3	4	2	4	2	1	2	4	2	2	4	1	2	4	1	2	2	3	1	1	5	2	1	1	4	1	3	4
662	19	Male	R	4	2	2	4	1	5	2	5	4	4	2	5	2	2	2	4	2	1	5	2	2	4	2	4	2	2	2	2	4	2	2	1	3	2	2	1
663	19	Female	L	3	1	3	4	3	5	4	5	5	4	2	4	4	1	2	3	3	1	3	2	2	2	1	3	2	2	1	2	3	2	1	1	4	1	3	2
664	22	Female	R	5	1	1	4	2	5	4	5	4	5	4	4	2	1	1	4	2	1	5	2	1	2	1	5	4	2	1	1	5	1	1	1	5	1	3	3
665	23	Female	R	4	1	1	4	2	5	4	4	2	5	4	2	2	1	2	2	2	2	4	2	2	2	1	2	2	2	1	1	2	1	1	1	4	1	2	2
666	19	Female	R	2	2	5	2	4	2	3	4	2	2	5	2	2	2	5	1	5	3	4	4	2	4	2	2	2	4	4	3	4	5	2	3	1	1	4	4
667	19	Male	R	5	1	3	5	1	5	5	5	5	5	5	5	1	1	1	5	1	1	5	1	1	1	1	5	5	1	1	1	5	1	1	1	5	1	1	4
668	21	Male	R	5	1	1	5	1	5	5	5	5	5	4	5	2	1	1	5	1	1	5	1	1	1	1	5	5	1	1	1	5	1	1	1	5	1	3	1
669	20	Male	R	5	1	1	5	1	5	2	4	3	4	1	1	3	3	5	1	2	3	3	1	2	4	4	4	1	2	4	3	4	2	2	3	4	1	3	3
670	19	Female	R	3	1	3	3	3	5	4	5	4	4	4	4	3	2	3	3	3	1	4	1	3	3	1	3	3	3	1	2	4	2	1	3	3	1	3	3
671	20	Male	R	2	1	3	5	3	5	5	5	3	5	4	4	1	2	3	3	3	2	4	1	1	2	1	4	3	2	1	1	4	2	1	2	4	1	2	2
672	18	Male	R	5	1	1	4	2	5	4	5	5	4	2	4	2	2	1	4	1	1	4	2	1	1	1	5	4	1	1	1	4	1	1	1	4	1	3	2
673	21	Female	R	1	1	4	2	4	5	4	3	1	2	5	2	4	4	4	1	4	4	4	4	5	4	4	2	1	3	4	4	2	4	3	4	2	4	1	4
674	18	Male	R	4	1	1	4	1	5	3	5	3	5	2	3	2	2	1	4	2	1	5	1	1	1	1	5	3	3	1	1	3	1	1	1	3	5	3	1
675	21	Female	R	5	1	1	4	2	5	5	5	5	4	4	4	2	1	2	4	2	2	4	2	2	2	1	4	4	1	1	1	4	1	1	1	4	1	4	2
676	20	Female	R	4	1	4	4	2	5	5	5	4	4	5	5	4	1	4	4	2	4	5	4	1	2	1	5	4	2	2	2	4	1	1	1	5	1	2	4
677	18	Female	R	2	1	2	4	2	5	4	5	4	4	5	3	2	2	2	2	3	2	4	2	2	2	3	4	2	2	3	4	3	5	3	4	4	1	2	3
678	22	Female	R	5	1	2	3	4	5	5	4	3	5	5	5	2	1	5	2	4	1	5	5	3	4	1	4	2	1	4	2	5	2	1	1	3	1	1	2
679	19	Female	L	2	1	4	4	2	5	4	4	2	5	4	2	1	1	4	1	4	1	5	5	2	3	4	1	1	2	1	4	5	4	1	3	2	1	1	2
680	21	Male	R	3	1	2	4	2	5	2	5	5	5	3	4	4	1	3	3	3	2	4	2	2	2	1	4	3	1	1	1	5	1	1	1	4	1	3	2
681	18	Male	R	3	1	4	4	4	5	4	3	4	4	4	5	4	4	5	3	3	2	5	4	4	5	4	3	2	1	2	3	4	4	1	4	2	4	1	4
682	21	Female	L	4	1	4	4	3	5	4	3	4	3	2	4	2	2	3	2	4	2	4	3	1	2	3	3	2	3	2	3	4	2	3	3	4	1	2	2
683	19	Male	R	2	2	3	4	2	5	2	4	3	4	4	4	2	2	4	2	4	2	5	4	2	2	4	3	2	4	3	4	5	3	3	3	4	1	3	2
684	24	Male	R	5	1	2	4	2	5	5	5	5	4	5	5	2	2	2	4	2	3	4	2	2	4	1	5	4	2	2	2	4	2	2	1	2	2	4	1
685	22	Male	R	4	1	2	5	2	5	5	4	4	4	3	4	2	1	2	1	2	2	5	3	2	2	1	4	4	2	1	1	4	2	1	1	4	1	2	2
686	20	Female	L	4	1	2	4	2	5	5	5	4	5	3	4	2	1	1	4	1	2	5	1	1	1	1	5	4	1	1	1	5	1	1	1	5	1	3	1
687	22	Male	R	1	5	5	4	5	5	5	3	1	3	4	5	2	1	1	5	3	5	5	2	1	1	1	3	5	1	1	1	1	3	3	1	5	1	3	1
688	22	Female	R	2	1	3	4	2	5	5	5	2	5	5	4	4	1	2	1	3	3	4	2	1	4	3	2	2	3	2	2	5	4	3	3	4	2	2	2
689	22	Female	R	4	1	3	4	1	5	4	5	5	5	3	4	2	1	1	3	3	1	5	1	1	1	1	5	3	1	1	1	5	1	1	1	4	1	4	1
690	20	Female	R	2	1	3	2	4	5	5	4	3	2	5	3	4	4	5	2	4	2	2	4	4	5	5	3	1	4	5	4	4	1	3	4	1	1	1	5
691	23	Male	R	2	1	5	2	4	4	4	3	4	4	1	5	2	4	5	1	5	2	4	5	1	5	4	4	1	4	5	5	2	1	4	4	1	1	1	5
692	20	Female	R	4	2	4	2	4	5	4	4	2	4	2	4	2	2	4	2	4	2	4	5	2	2	2	3	3	3	1	3	4	1	1	2	3	1	2	2
693	22	Male	R	5	1	1	5	2	5	5	5	5	5	2	4	2	1	1	4	2	2	5	1	1	1	1	5	4	1	1	1	5	1	1	1	5	1	4	1
694	19	Female	R	4	1	1	4	2	5	5	5	5	4	4	5	1	1	3	4	2	3	5	2	2	1	1	5	4	1	1	1	5	1	1	1	5	2	4	3
695	20	Female	R	3	1	2	4	2	5	4	5	4	4	4	2	2	1	2	2	2	1	4	2	2	2	1	4	2	1	1	1	5	3	1	1	4	1	2	2
696	21	Male	R	4	1	2	4	2	5	2	5	5	4	3	2	2	2	2	4	2	2	5	1	2	4	1	4	4	2	1	2	3	1	1	1	3	1	3	3
697	22	Female	R	4	1	1	5	2	5	5	5	5	4	3	5	2	3	2	5	2	2	5	2	1	2	1	4	5	2	2	2	5	4	2	1	4	1	2	2
698	21	Female	R	4	1	2	4	2	5	5	5	4	5	4	5	1	1	2	4	2	2	5	4	1	2	1	5	4	1	1	1	5	2	1	1	4	1	2	2
699	21	Female	R	2	1	2	4	2	5	4	5	4	5	3	4	2	1	4	3	3	3	3	4	4	3	2	3	2	2	2	2	2	3	1	2	2	1	3	2
700	20	Female	R	2	1	1	3	4	5	4	4	2	5	5	2	5	1	4	3	2	1	5	1	3	3	2	3	3	2	1	2	5	4	1	2	3	2	2	2
701	18	Female	R	4	1	3	4	2	5	5	5	3	5	4	4	2	1	3	3	3	1	5	2	2	3	1	5	2	1	1	3	4	1	1	1	4	1	2	3
702	19	Male	R	4	1	1	5	2	5	4	5	4	3	4	4	2	1	1	4	2	2	4	1	1	2	1	4	3	1	1	2	4	2	1	1	4	1	3	2
703	23	Female	R	5	1	1	4	2	5	5	5	4	5	4	4	2	1	2	4	2	2	5	1	1	2	1	5	4	1	1	1	5	1	1	1	5	1	4	1
704	28	Female	L	3	1	2	4	2	5	4	5	4	5	2	5	2	1	2	4	2	2	4	2	2	2	1	4	3	2	2	2	5	2	2	2	4	1	2	2
705	20	Male	R	3	1	3	3	3	4	4	4	4	4	2	3	2	3	3	3	2	2	3	3	3	3	3	3	3	4	4	2	3	3	4	3	3	1	2	2
706	22	Female	L	4	1	2	4	2	5	5	5	4	4	5	4	2	1	3	3	2	1	4	1	1	1	1	4	3	1	2	2	5	2	1	1	4	2	4	2
707	23	Female	L	4	1	3	5	1	5	5	5	4	5	5	5	1	1	4	2	3	1	5	2	1	1	1	5	3	2	1	2	5	2	1	1	5	1	4	1
708	19	Male	R	1	1	4	4	4	5	5	5	2	4	2	2	4	4	2	1	4	4	5	4	5	2	3	4	1	4	4	2	3	2	2	2	4	2	2	2
709	21	Male	R	2	1	3	5	4	5	5	5	2	3	4	2	2	1	1	3	1	1	2	4	2	2	1	4	2	2	1	2	4	4	2	1	4	1	1	5
710	19	Male	R	4	1	2	5	1	5	4	5	3	3	2	4	2	2	2	5	1	2	5	1	1	2	1	4	2	1	1	1	4	2	1	1	5	1	3	1
711	33	Female	R	2	1	3	5	2	5	5	4	4	4	4	4	4	1	4	2	3	2	5	3	1	3	2	4	2	4	2	3	3	3	2	2	2	2	4	2
712	21	Female	R	2	1	4	3	2	5	5	5	1	5	5	5	2	1	5	1	5	1	5	1	4	5	5	5	1	3	2	4	5	3	4	4	1	3	4	2
713	21	Male	R	4	3	1	5	2	5	4	5	3	4	2	4	1	1	1	4	2	3	4	4	1	1	1	5	5	1	1	1	4	1	4	2	4	1	4	2
714	18	Male	R	5	1	1	5	2	5	4	5	4	5	2	2	2	1	2	4	1	1	5	2	1	2	1	5	4	1	1	1	5	1	1	1	5	1	2	2
715	22	Female	R	4	3	3	2	4	5	5	5	3	2	5	5	2	1	4	2	3	2	4	4	4	4	3	2	2	4	3	4	5	2	2	2	3	2	2	5
716	19	Female	R	4	1	1	5	3	5	5	5	5	4	4	3	2	1	1	4	1	2	5	1	1	1	1	4	2	1	1	1	5	1	1	1	5	1	4	1
717	19	Female	R	2	2	3	2	4	5	4	4	2	3	4	3	4	1	2	3	3	2	5	3	1	2	1	4	3	2	1	1	4	1	1	1	4	1	1	2
718	19	Female	R	2	5	3	2	4	4	4	4	3	3	3	3	4	2	4	2	3	4	5	4	4	3	2	3	2	2	4	4	4	2	3	4	2	2	3	4
719	18	Female	R	3	2	1	4	3	5	2	5	3	4	5	4	2	1	2	3	2	1	5	2	1	1	2	5	3	1	1	1	4	1	1	1	5	1	3	2
720	26	Female	R	2	2	1	4	1	2	4	5	4	5	5	5	1	1	5	5	1	1	4	1	5	2	2	5	3	1	1	1	5	1	1	1	2	1	3	1
721	19	Female	R	4	1	2	2	3	5	5	4	4	4	5	4	2	4	5	2	4	2	4	4	4	4	2	3	1	2	2	4	5	2	3	2	2	2	4	4
722	20	Male	R	2	4	4	2	4	4	4	4	2	4	2	1	4	3	4	2	4	3	3	4	4	4	2	3	2	2	3	4	4	4	3	3	2	3	1	4
723	21	Male	R	3	2	2	5	1	5	3	5	4	5	5	4	1	1	1	4	1	1	5	1	1	1	1	5	4	2	1	1	4	2	1	1	5	1	2	1
724	29	Male	R	2	1	2	4	4	5	4	5	4	5	4	2	2	2	4	3	2	2	4	2	2	2	1	4	3	3	2	2	4	2	1	2	4	1	2	2
725	21	Male	R	2	1	4	3	2	5	5	5	2	4	2	4	4	2	5	2	4	1	4	5	2	4	2	4	1	4	1	4	3	1	3	2	2	1	1	1
726	21	Male	R	2	1	1	4	3	5	5	5	3	4	3	2	3	2	2	4	3	3	4	2	1	2	1	4	4	2	2	1	4	1	1	1	4	2	2	2
727	19	Male	R	4	1	1	4	2	5	5	5	5	4	3	4	3	2	2	5	2	2	4	2	2	2	1	4	4	2	2	1	5	2	1	2	4	1	3	2
728	19	Male	R	5	1	2	2	4	5	5	2	2	2	1	1	1	2	5	1	5	1	2	1	2	5	1	2	2	2	2	4	5	1	2	2	2	2	1	4
729	21	Male	R	4	1	2	4	3	5	5	5	4	4	3	4	4	1	1	4	1	3	5	1	1	2	1	5	3	2	1	2	4	3	1	3	3	1	4	3
730	22	Male	R	2	1	4	2	4	5	3	3	3	4	1	4	3	2	5	1	4	4	3	5	4	5	5	3	2	4	4	4	3	2	3	3	2	4	2	3
731	21	Female	R	5	1	2	5	3	5	5	5	5	5	5	5	1	1	2	3	3	1	5	1	1	1	1	5	3	1	1	1	5	1	1	1	5	1	5	1
732	18	Female	R	3	1	1	4	3	5	5	5	3	4	3	4	4	2	3	4	2	4	4	4	3	4	1	4	4	2	2	2	2	3	1	3	3	2	4	1
733	22	Female	R	2	1	4	2	5	5	4	4	2	4	1	2	4	4	5	1	5	4	2	5	5	5	4	3	1	2	5	5	4	3	4	4	2	4	2	5
734	21	Male	R	4	1	2	4	2	5	5	5	5	5	1	4	3	3	3	4	2	2	5	2	2	2	1	5	4	2	1	2	5	1	1	3	4	2	3	3
735	18	Female	R	3	1	3	4	3	5	5	5	4	4	1	3	4	2	4	2	3	2	5	3	1	2	1	5	3	2	1	3	4	3	1	2	5	1	5	5
736	24	Male	R	1	1	3	5	1	5	4	5	2	4	3	3	3	1	4	2	3	1	5	1	1	3	1	3	2	1	1	3	5	1	1	1	4	1	1	1
737	25	Female	R	3	1	2	4	3	5	4	4	4	5	4	3	2	1	2	3	2	1	4	2	2	3	1	4	3	2	1	2	5	1	2	2	4	1	4	2
738	29	Male	R	3	3	3	4	2	5	4	3	2	3	5	4	2	3	5	3	4	3	3	2	1	4	1	1	3	4	3	3	3	2	1	2	3	1	1	3
739	19	Female	R	4	1	2	4	3	5	4	5	4	3	4	4	2	2	2	4	2	1	5	2	1	2	1	4	5	1	1	1	5	1	1	1	4	1	4	2
740	19	Female	R	2	1	4	2	5	5	4	4	2	4	5	3	4	4	4	1	4	4	4	4	4	2	5	3	1	4	5	5	3	4	3	4	2	3	3	4
741	21	Female	R	2	1	1	3	3	5	4	4	3	4	4	4	2	3	2	3	2	4	4	1	1	4	1	5	2	1	1	1	5	2	1	1	4	1	2	1
742	21	Male	R	2	2	4	2	4	5	4	4	2	5	4	2	4	1	4	2	3	2	4	4	4	5	2	4	2	4	1	2	4	2	2	4	2	2	2	4
743	25	Male	R	3	1	1	4	4	5	2	3	4	5	2	3	2	1	2	4	2	1	5	2	2	4	1	4	4	2	1	1	5	1	1	1	5	1	2	2
744	31	Male	R	2	2	2	3	3	5	2	4	2	4	4	3	2	1	1	3	1	1	4	1	1	1	1	3	1	1	1	1	4	1	1	1	4	1	4	1
745	18	Male	R	4	1	1	2	2	5	4	5	5	5	4	5	2	1	1	5	1	1	5	1	1	1	1	5	5	1	1	1	2	1	1	1	5	1	4	1
746	18	Female	R	3	1	3	4	2	5	4	5	3	4	5	2	2	2	2	3	2	1	4	2	1	3	2	3	2	1	2	1	3	2	1	2	4	2	2	2
747	19	Male	R	2	1	1	5	4	5	2	4	4	4	5	2	4	1	2	5	2	2	4	2	1	4	1	4	4	2	2	1	2	1	1	1	4	1	2	4
748	21	Female	R	4	1	4	4	2	5	2	5	5	5	2	5	3	1	3	4	3	4	5	1	1	4	1	2	1	1	1	1	4	1	3	1	4	1	2	4
749	21	Male	R	4	1	1	5	2	5	5	4	4	4	5	2	2	1	2	2	1	1	4	2	1	2	1	3	4	2	2	1	4	2	1	1	2	1	3	2
750	22	Male	L	2	2	4	2	4	5	4	4	2	4	4	4	5	2	5	2	4	2	4	4	2	2	4	2	1	4	2	3	2	2	2	2	4	2	4	4
751	18	Female	R	4	1	2	4	3	4	2	4	4	4	4	3	4	2	5	2	4	2	4	3	4	4	4	2	2	2	2	4	4	4	2	2	2	1	2	2
752	21	Male	R	2	1	1	3	2	5	5	5	3	5	2	3	2	2	1	4	2	2	5	1	1	1	1	4	2	1	2	1	5	2	1	1	4	1	2	1
753	19	Male	R	3	1	3	2	2	5	4	5	5	4	4	4	2	2	2	3	2	4	4	2	2	4	1	4	3	2	2	2	2	2	1	2	3	1	3	3
754	21	Male	R	4	1	4	5	4	5	5	5	4	5	3	2	2	2	4	4	2	2	5	2	2	3	1	5	3	2	2	2	3	2	2	2	3	2	4	2
755	21	Male	L	3	1	5	3	4	5	5	5	2	4	4	2	1	1	5	1	5	1	4	4	4	5	4	2	1	4	4	4	4	2	4	4	2	1	1	5
756	21	Female	L	4	1	1	4	2	5	4	5	5	4	2	4	2	1	1	5	2	1	4	1	1	2	1	4	4	1	1	1	5	2	1	1	4	1	4	2
757	21	Female	R	2	2	4	4	4	5	5	4	2	5	1	2	2	2	4	1	5	2	4	5	2	5	2	2	3	4	2	4	2	2	3	2	1	2	1	4
758	20	Male	R	4	2	3	4	4	5	4	4	4	4	2	4	2	2	2	3	3	2	3	3	3	3	2	3	3	3	3	3	3	2	3	3	3	3	3	3
759	18	Female	L	5	1	1	4	2	5	5	5	5	4	4	3	2	2	2	4	2	3	5	3	1	1	1	5	4	1	1	1	3	1	1	1	5	1	2	1
760	22	Female	R	3	1	2	2	4	5	5	5	2	5	1	2	1	1	4	2	2	1	4	4	1	1	1	2	2	4	1	1	5	2	1	1	4	1	2	4
761	19	Male	R	2	2	2	2	4	5	5	4	2	4	5	4	4	1	2	4	2	1	4	2	4	2	1	4	2	4	1	1	4	2	2	2	3	2	2	2
762	21	Male	R	3	1	2	4	4	5	4	4	3	5	4	3	2	1	2	3	2	1	5	1	1	2	1	4	2	2	1	2	5	2	1	1	4	1	2	2
763	22	Female	R	2	1	1	2	4	5	4	5	1	5	5	4	2	1	5	1	4	1	5	2	1	1	4	2	1	1	3	4	5	2	1	4	5	1	1	5
764	19	Female	R	3	1	2	5	2	5	4	5	5	4	4	3	2	1	1	4	2	2	5	1	1	2	1	4	4	2	1	1	1	1	1	1	4	1	4	2
765	20	Female	R	4	1	3	4	1	5	4	5	4	4	3	4	2	2	2	3	2	3	4	1	1	2	1	4	3	1	1	1	4	1	1	1	5	1	4	2
766	22	Male	R	4	1	1	4	2	5	4	5	4	5	4	4	1	1	2	3	3	2	4	2	2	2	1	5	2	2	2	2	5	2	1	2	4	2	2	2
767	19	Male	R	3	1	2	3	2	5	5	5	4	4	2	4	2	3	3	3	2	2	4	2	2	2	2	3	2	2	2	2	4	3	2	2	4	2	3	2
768	21	Male	R	1	1	4	2	2	5	5	2	1	4	2	5	4	4	4	2	4	3	4	5	3	5	2	2	1	3	4	5	3	1	1	1	5	3	1	4
769	23	Male	R	4	1	2	4	3	5	4	5	4	4	2	4	2	2	4	4	2	2	4	2	2	2	1	4	3	1	1	1	4	1	1	1	4	1	3	1
770	22	Male	R	4	1	2	4	3	5	4	5	4	4	2	4	1	1	2	4	2	3	5	2	2	4	3	4	2	2	1	3	4	1	1	2	4	1	4	4
771	19	Male	R	1	1	1	5	1	5	4	5	5	4	4	4	1	1	1	5	1	2	5	1	1	1	1	4	5	1	1	1	5	1	3	2	5	1	4	1
772	19	Male	R	4	5	2	4	2	5	5	5	3	5	4	4	4	2	5	2	3	2	5	3	2	4	3	4	3	2	2	2	5	2	4	2	4	1	2	1
773	25	Female	R	5	1	1	4	2	5	5	5	5	4	5	2	5	1	4	4	2	5	2	2	2	1	1	4	4	2	1	1	5	1	1	1	5	1	4	1
774	19	Female	R	2	1	1	5	1	5	5	5	5	5	2	2	1	1	1	5	1	1	5	1	1	4	1	5	5	1	1	1	5	5	1	1	4	1	2	1
775	23	Male	R	2	2	3	3	3	5	3	4	2	3	4	3	3	2	3	2	3	2	3	2	2	4	2	3	3	3	2	2	3	2	2	1	3	2	3	3
776	22	Male	R	4	1	1	5	1	5	5	5	5	5	2	5	1	1	1	5	1	1	5	1	1	2	1	5	5	1	1	1	4	1	1	1	4	1	4	1
777	28	Female	R	2	4	4	4	2	5	2	4	2	4	5	2	2	2	4	2	4	2	4	4	2	4	2	3	2	3	2	2	2	2	2	3	2	4	2	4
778	22	Male	R	4	1	2	4	2	5	5	5	4	4	5	4	2	2	2	4	1	1	4	2	1	4	1	5	4	2	1	2	4	2	1	2	4	2	4	2
779	22	Female	R	2	3	4	2	4	4	4	4	2	4	4	4	3	2	4	2	5	3	2	5	4	4	2	4	2	4	3	4	4	4	4	4	2	4	2	5
780	19	Male	R	4	1	1	1	1	5	3	5	5	5	2	5	2	4	3	5	2	2	5	2	2	2	2	5	4	2	2	2	5	2	2	2	5	2	2	2
781	21	Female	R	2	1	1	4	2	5	4	5	4	4	2	4	2	1	2	4	2	2	4	2	1	2	1	4	2	2	1	2	4	2	1	2	4	1	4	2
782	20	Male	R	2	4	5	2	5	4	4	3	2	4	2	4	4	3	5	1	5	3	5	4	2	4	4	2	1	3	4	4	3	2	4	4	1	2	2	2
783	20	Female	R	2	1	1	2	4	5	4	4	2	5	4	2	4	2	4	1	4	3	5	4	2	2	1	2	1	3	2	3	5	2	4	2	2	1	2	3
784	20	Male	R	5	1	1	5	1	5	5	5	5	5	1	5	1	1	1	5	1	1	4	1	1	2	1	4	5	1	1	1	4	1	1	1	4	1	4	1
785	21	Female	R	4	4	1	4	4	5	5	5	4	3	2	4	2	2	3	4	2	4	5	3	2	1	1	5	2	2	1	2	5	2	2	2	2	2	3	2
786	21	Female	L	4	1	2	4	2	5	4	5	4	4	5	4	2	1	2	4	2	1	5	2	1	2	1	5	4	1	1	1	5	1	1	1	3	1	4	3
787	21	Female	R	2	1	1	4	3	5	5	5	4	4	4	4	2	1	1	4	1	1	4	2	2	2	1	4	3	3	1	1	4	4	1	1	4	1	4	1
788	19	Female	R	1	3	5	2	2	5	5	5	2	5	5	5	2	4	5	1	5	3	4	5	3	4	2	4	1	3	4	5	5	5	2	4	3	1	3	2
789	21	Male	R	2	1	4	3	2	5	5	5	3	4	2	4	3	1	2	2	2	1	5	2	2	2	2	4	2	2	1	2	4	3	1	1	3	2	1	3
790	21	Male	R	2	1	3	5	1	5	5	5	5	5	1	4	2	2	2	4	2	2	5	1	1	2	1	4	4	2	2	2	3	2	2	1	4	1	2	2
791	21	Female	R	4	1	2	5	4	5	5	5	4	5	5	4	2	3	1	4	1	1	5	1	1	1	1	5	4	2	2	2	4	1	1	1	5	2	3	2
792	22	Male	R	2	1	3	2	4	5	4	4	2	3	1	4	2	1	5	1	3	2	5	4	2	5	2	3	1	4	3	3	4	2	3	4	2	1	1	5
793	23	Male	R	5	1	3	4	2	5	5	5	5	5	4	3	1	2	4	3	3	3	5	2	2	1	2	4	3	2	2	2	3	2	1	3	4	1	1	2
794	21	Male	R	4	1	2	4	2	5	5	5	5	5	4	4	4	1	4	2	2	2	4	2	1	2	1	4	2	1	1	1	5	1	1	1	4	1	3	2
795	18	Female	R	2	1	3	4	2	5	4	4	3	5	4	3	3	2	3	2	3	2	4	2	3	2	1	4	2	1	2	2	4	4	1	2	3	2	3	3
796	21	Male	R	4	4	1	4	2	5	4	5	4	4	5	2	1	1	2	4	1	1	5	1	1	1	1	4	2	1	1	1	4	1	1	1	4	1	2	2
797	23	Male	R	2	1	4	2	4	5	4	4	2	4	2	4	3	4	4	1	3	2	4	3	2	4	4	2	2	2	4	5	2	2	2	2	2	2	2	4
798	22	Male	L	4	1	2	4	2	5	5	5	5	5	5	4	2	2	1	2	2	2	4	2	2	2	1	4	3	1	2	2	5	2	1	1	2	1	2	4
799	21	Female	R	4	1	3	2	3	5	5	4	2	5	4	4	2	2	5	1	4	2	4	4	3	3	2	2	2	2	4	4	3	2	4	3	2	1	1	4
800	21	Female	R	2	1	3	3	2	5	5	4	2	5	5	4	2	2	3	1	4	3	4	1	1	1	3	3	1	1	1	4	5	1	3	1	4	1	4	1
801	20	Female	R	1	2	3	4	5	5	5	5	3	4	1	5	3	3	4	2	3	3	5	2	2	2	4	5	2	2	1	4	5	1	3	4	4	1	1	1
802	22	Male	R	3	2	2	4	2	5	5	5	3	4	2	3	2	4	2	3	3	2	4	2	1	2	1	4	3	2	2	2	4	2	2	2	4	1	2	2
803	22	Male	R	2	2	3	1	4	4	4	4	2	3	4	4	3	2	3	3	3	3	4	2	3	3	3	4	3	4	3	3	4	3	3	3	3	2	2	5
804	19	Female	R	4	2	2	4	4	5	5	4	4	4	4	3	2	1	2	3	1	4	4	4	2	2	1	4	2	2	2	3	4	3	1	2	4	1	3	4
805	19	Male	R	1	1	4	3	4	5	4	5	2	5	2	3	2	1	4	2	3	1	4	3	1	3	1	3	2	3	4	4	3	3	3	2	3	1	1	4
806	18	Male	R	2	4	4	2	4	5	5	5	4	4	5	4	2	1	5	1	4	4	5	4	2	2	1	4	2	2	2	3	2	1	4	1	3	3	2	2
807	21	Male	R	4	2	2	2	4	5	2	4	4	4	4	4	3	2	4	2	3	2	4	4	2	4	2	4	4	2	2	4	4	1	2	2	4	1	2	4
808	22	Female	R	5	1	5	1	5	4	5	2	2	5	4	5	2	2	5	1	4	5	3	1	2	3	1	2	3	3	1	4	5	2	1	1	3	1	2	3
809	18	Male	R	4	4	1	5	2	5	5	5	5	3	2	4	2	2	1	5	1	3	5	2	1	4	1	3	5	3	1	1	5	1	2	1	4	1	3	4
810	23	Male	R	3	2	3	4	3	5	4	4	3	3	2	5	2	1	2	3	2	2	5	2	2	2	2	2	2	2	1	1	1	2	2	1	3	1	4	1
811	24	Male	R	2	2	5	1	4	4	4	2	1	2	5	2	2	2	4	1	5	2	4	2	4	2	4	1	1	2	2	4	4	3	2	2	2	1	1	2
812	18	Male	R	2	1	2	4	2	5	4	4	4	4	4	4	4	3	2	4	2	4	5	2	2	4	1	4	4	1	3	2	2	4	1	1	4	1	1	2
813	20	Male	R	3	1	3	5	1	5	5	5	3	4	4	4	1	1	1	5	1	1	5	1	2	4	1	5	4	2	1	1	5	1	1	1	4	1	3	1
814	19	Female	R	4	1	3	4	2	5	5	5	5	4	5	4	2	2	2	3	3	1	5	3	1	1	1	5	4	1	2	1	5	1	2	1	4	1	5	2
815	19	Female	R	2	3	4	3	4	5	4	5	2	5	4	1	4	2	4	1	4	2	4	2	2	3	4	2	2	4	2	3	4	3	3	4	4	2	2	4
816	19	Female	R	2	1	4	2	3	4	2	4	2	3	4	2	4	3	3	2	3	2	4	2	2	2	4	3	2	2	2	2	4	4	4	2	3	2	2	4
817	19	Female	R	3	1	2	4	3	5	5	5	4	5	3	3	2	1	2	3	2	4	4	2	2	3	1	5	4	2	3	2	4	3	2	2	3	1	2	3
818	19	Male	R	5	1	1	5	1	5	2	5	5	4	4	4	2	2	1	5	1	2	4	1	1	4	1	5	4	1	1	1	5	1	1	1	5	1	4	1
819	21	Female	R	2	1	5	2	2	1	4	4	2	4	5	5	3	2	5	1	5	4	5	4	2	3	5	2	1	2	4	5	3	4	2	3	3	1	1	4
820	22	Male	R	5	4	2	4	2	5	4	4	4	4	4	4	3	2	2	5	1	2	5	2	2	2	1	5	5	2	1	1	4	1	1	1	5	1	4	1
821	21	Male	R	3	2	3	5	2	5	4	5	3	5	4	5	4	1	4	2	3	2	5	4	3	4	2	4	3	2	1	3	4	2	2	1	2	1	2	4
822	18	Female	R	1	1	5	5	1	5	5	5	3	5	5	3	1	1	1	1	4	1	5	2	1	2	1	5	3	2	1	3	5	1	3	1	5	1	2	1
823	21	Male	R	2	4	3	3	3	5	4	2	2	5	2	5	4	2	4	3	4	2	3	4	2	4	4	3	2	3	4	3	4	4	3	1	2	2	2	4
824	26	Male	R	3	4	3	4	3	5	3	4	2	2	5	2	4	2	3	3	3	2	2	2	1	2	1	3	2	3	2	3	2	4	3	2	2	1	2	2
825	19	Male	L	4	5	3	4	4	5	4	4	2	4	4	4	4	2	4	1	4	3	3	4	4	2	2	2	1	3	2	4	3	2	2	2	2	4	3	3
826	21	Male	R	2	1	1	4	2	5	3	5	4	5	4	1	4	1	2	4	2	1	1	1	1	1	1	1	1	2	4	2	1	1	1	1	4	1	1	1
827	19	Female	R	3	5	4	5	3	5	4	4	2	2	3	5	3	2	2	3	3	3	5	3	2	3	1	3	2	3	3	3	3	1	5	3	2	1	3	1
828	19	Male	R	2	2	4	2	4	5	2	4	2	5	2	2	4	1	5	1	5	3	4	4	3	4	1	2	1	4	1	4	5	4	3	2	4	4	2	4
829	24	Male	R	2	1	2	4	4	5	4	5	2	5	5	5	2	1	4	1	4	1	5	2	1	2	1	4	1	2	1	4	5	1	2	1	4	1	2	4
830	18	Female	R	5	1	2	3	2	5	5	5	5	5	5	5	1	1	4	4	1	2	4	4	2	2	1	4	1	1	1	2	5	1	1	1	2	1	1	4
831	22	Female	R	4	1	1	5	2	5	5	5	4	4	4	3	2	1	2	3	2	3	4	2	1	1	1	5	4	1	1	1	4	1	1	1	4	1	4	2
832	21	Female	R	1	1	4	2	4	5	5	4	5	3	5	5	1	2	5	1	4	2	4	4	1	2	1	2	2	2	1	4	4	4	2	1	2	1	5	1
833	25	Female	R	2	1	4	3	3	5	5	5	2	2	5	3	2	1	4	1	4	1	2	4	2	4	1	3	2	3	1	1	3	2	3	2	2	1	1	3
834	22	Female	R	1	1	4	1	4	5	5	4	1	3	5	1	2	1	5	2	4	1	4	5	2	1	4	4	4	1	1	4	5	4	1	1	5	4	1	2
835	19	Female	R	4	1	2	4	1	4	4	5	4	4	2	3	2	1	1	4	1	1	5	1	1	2	1	1	4	1	1	1	4	1	1	2	4	1	4	4
836	19	Female	R	2	1	3	4	3	5	5	5	2	2	4	2	2	2	2	3	2	2	4	2	1	2	2	3	3	1	2	2	2	4	2	2	4	2	2	2
837	23	Female	R	4	1	2	3	3	5	5	5	4	4	4	5	3	1	4	3	3	2	4	4	3	4	1	4	2	2	2	3	4	3	2	2	4	3	2	3
838	21	Female	R	5	1	2	4	2	5	4	5	5	3	5	2	2	2	1	4	2	1	5	2	1	1	1	5	3	1	1	1	4	1	1	1	5	1	3	1
839	19	Female	R	5	1	2	4	4	5	5	5	4	4	3	4	2	2	2	4	2	1	5	1	1	2	1	5	4	2	2	2	5	1	1	1	4	1	2	1
840	18	Male	R	4	2	3	4	2	5	5	5	4	5	4	5	2	2	4	2	3	2	4	2	2	4	1	3	2	2	2	3	4	1	2	1	2	1	1	2
841	21	Female	R	2	1	2	5	2	5	5	5	4	5	2	5	2	1	4	4	1	1	5	2	1	2	1	5	4	2	1	1	5	1	1	1	4	1	1	2
842	20	Male	R	1	1	4	2	4	5	2	2	2	2	2	2	4	4	4	2	4	4	4	4	3	4	4	2	2	2	4	4	2	4	2	2	2	5	2	4
843	21	Female	R	2	1	2	2	4	5	5	4	3	4	2	5	2	1	4	2	4	1	5	4	1	2	1	4	4	1	1	4	5	1	1	1	2	1	1	2
844	21	Male	L	4	1	2	5	1	5	5	5	5	5	4	5	2	3	2	3	2	5	5	2	1	1	1	5	3	1	3	2	5	1	2	2	4	2	5	1
845	22	Male	R	4	1	1	4	2	5	5	5	5	4	2	4	2	2	4	2	3	2	4	4	1	4	1	4	2	2	2	2	5	1	1	1	5	1	3	2
846	18	Female	R	3	3	4	3	4	5	5	5	3	4	5	3	3	3	4	2	4	3	4	4	3	2	3	4	3	3	3	3	4	1	3	4	4	2	2	3
847	20	Male	R	3	1	1	4	3	5	5	5	2	4	3	3	4	2	3	3	2	3	5	2	1	4	1	2	4	1	1	2	3	2	1	1	4	1	2	4
848	18	Male	R	2	1	2	4	1	5	2	5	1	5	4	5	4	1	4	1	4	1	5	4	1	2	5	4	1	1	1	5	5	3	4	1	1	1	1	2
849	19	Male	R	4	1	4	4	5	5	5	5	4	4	4	2	4	1	5	2	4	1	5	4	2	2	1	4	4	2	1	4	5	2	3	1	4	4	2	2
850	30	Male	R	2	1	1	4	4	5	5	5	4	4	4	4	2	2	4	2	2	1	5	2	1	2	1	3	4	2	2	2	5	2	1	2	3	1	2	4
851	20	Male	R	4	1	1	4	2	5	4	5	5	4	5	4	1	1	2	3	2	2	5	2	2	2	1	5	3	2	1	2	5	1	1	1	4	1	4	2
852	19	Female	R	2	1	3	3	4	5	4	4	2	4	4	4	2	2	5	2	4	2	4	2	2	2	1	2	2	3	2	4	4	3	4	2	1	2	2	4
853	21	Female	L	2	1	4	2	4	5	4	4	2	4	5	2	2	2	5	1	4	1	4	4	4	4	1	3	2	2	3	4	4	2	2	2	2	1	2	4
854	19	Male	R	2	1	4	2	4	5	4	5	4	4	4	5	2	2	4	2	4	2	4	4	2	4	1	2	2	2	2	4	4	1	2	2	2	2	2	2
855	23	Male	R	4	1	2	5	2	5	5	4	4	4	1	5	2	2	2	5	1	2	5	2	2	2	1	4	4	2	2	1	5	1	1	1	5	1	5	1
